8.830644190311430497e-02 3.447767922044498497e-03 6.141040639970028747e-04 5.896359958611167981e-04 3.713914707375838842e-01 1.727225894184158397e-04 1.827031228369081686e-03 1.742919466175641210e-02 2.975270349788253503e-04 6.026175356616203516e-01 1.953134581509478190e-02 2.422697928775618126e-01 6.285323233446703586e-03 1.583529421037973227e-04 1.724190058851829887e-03 1.724190058851829887e-03 1.583529421037973227e-04 6.285323233446703586e-03 2.422697928775618126e-01 1.953134581509478190e-02 6.026175356616203516e-01 2.975270349788253503e-04 1.742919466175641210e-02 1.827031228369081686e-03 1.727225894184158397e-04 3.713914707375838842e-01 5.896359958611167981e-04 6.141040639970028747e-04 3.447767922044498497e-03 8.830644190311430497e-02
3.447767922044498497e-03 2.020953715486951384e-08 3.669212505615075670e-02 1.032217008927358709e-01 3.013509904899128004e-03 9.481461776017802590e-04 1.215593105662012702e-01 6.395076185266914681e-01 4.847555571243764748e-05 1.611728956043419203e-02 1.025451831210043237e-04 2.111867393270902907e-02 1.693673254212134938e-01 6.258895045109298394e-01 5.211089329638192158e-01 5.211089329638192158e-01 6.258895045109298394e-01 1.693673254212134938e-01 2.111867393270902907e-02 1.025451831210043237e-04 1.611728956043419203e-02 4.847555571243764748e-05 6.395076185266914681e-01 1.215593105662012702e-01 9.481461776017802590e-04 3.013509904899128004e-03 1.032217008927358709e-01 3.669212505615075670e-02 2.020953715486945759e-08 3.447767922044498497e-03
6.141040639970028747e-04 3.669212505615075670e-02 6.070565432310103286e-04 2.227176951198439267e-02 1.059258783260990126e-03 2.994302901875955328e-03 8.750428790296316923e-05 3.240018850268924604e-04 3.318867649428004513e-03 7.367978778911392357e-02 5.307255770586607416e-04 1.757320755074566552e-04 9.862316163212259991e-04 3.554589391172000012e-02 3.344079835486726826e-02 3.344079835486726826e-02 3.554589391172000012e-02 9.862316163212259991e-04 1.757320755074566552e-04 5.307255770586607416e-04 7.367978778911392357e-02 3.318867649428004513e-03 3.240018850268924604e-04 8.750428790296316923e-05 2.994302901875955328e-03 1.059258783260990126e-03 2.227176951198439267e-02 6.070565432310103286e-04 3.669212505615075670e-02 6.141040639970028747e-04
5.896359958611167981e-04 1.032217008927358709e-01 2.227176951198439267e-02 2.978589918711804785e-06 2.217088476754735008e-04 2.408596245466504415e-02 5.307630660359760055e-01 1.425661228023908291e-03 8.584044782388385031e-02 2.680086780792750867e-02 3.181867523318409555e-03 2.523909037278855311e-03 3.023233336360261862e-03 8.949809570316037861e-04 1.831791414235488247e-02 1.831791414235488247e-02 8.949809570316037861e-04 3.023233336360261862e-03 2.523909037278855311e-03 3.181867523318409555e-03 2.680086780792750867e-02 8.584044782388385031e-02 1.425661228023908291e-03 5.307630660359760055e-01 2.408596245466504415e-02 2.217088476754735008e-04 2.978589918711804785e-06 2.227176951198439267e-02 1.032217008927358709e-01 5.896359958611167981e-04
3.713914707375838842e-01 3.013509904899128004e-03 1.059258783260990126e-03 2.217088476754735008e-04 3.772159980144351179e-04 5.989962776344126549e-01 5.695130338517485624e-01 2.357536846666342424e-03 5.059661295418415444e-03 1.201527106439226117e-03 4.820398870336996960e-02 5.938842843582308184e-01 2.592513221424678788e-03 5.222009874705519500e-04 3.052132258619648202e-03 3.052132258619648202e-03 5.222009874705519500e-04 2.592513221424678788e-03 5.938842843582308184e-01 4.820398870336996960e-02 1.201527106439226117e-03 5.059661295418415444e-03 2.357536846666342424e-03 5.695130338517485624e-01 5.989962776344126549e-01 3.772159980144351179e-04 2.217088476754735008e-04 1.059258783260990126e-03 3.013509904899128004e-03 3.713914707375838842e-01
1.727225894184158397e-04 9.481461776017802590e-04 2.994302901875955328e-03 2.408596245466504415e-02 5.989962776344126549e-01 8.385821129195392132e-04 4.323541046326104809e-01 4.833921092315575244e-04 1.365961563329295692e-01 1.899873599274257141e-01 1.269077031425746606e-02 1.173424787642769751e-01 5.377161764489515328e-01 6.343195661345556180e-02 6.999128599034472493e-03 6.999128599034472493e-03 6.343195661345556180e-02 5.377161764489515328e-01 1.173424787642769751e-01 1.269077031425746606e-02 1.899873599274257141e-01 1.365961563329295692e-01 4.833921092315575244e-04 4.323541046326104809e-01 8.385821129195392132e-04 5.989962776344126549e-01 2.408596245466504415e-02 2.994302901875955328e-03 9.481461776017802590e-04 1.727225894184158397e-04
1.827031228369081686e-03 1.215593105662012702e-01 8.750428790296316923e-05 5.307630660359760055e-01 5.695130338517485624e-01 4.323541046326104809e-01 6.701050326228141785e-03 1.508570671385033382e-03 6.582860820129170232e-02 3.574057468985917807e-01 1.323516518965269645e-02 3.013854919538594412e-02 6.656470676894593597e-03 3.024733916599324154e-03 4.371888003221949814e-01 4.371888003221949814e-01 3.024733916599324154e-03 6.656470676894593597e-03 3.013854919538594412e-02 1.323516518965269645e-02 3.574057468985917807e-01 6.582860820129170232e-02 1.508570671385033382e-03 6.701050326228141785e-03 4.323541046326104809e-01 5.695130338517485624e-01 5.307630660359760055e-01 8.750428790296316923e-05 1.215593105662012702e-01 1.827031228369081686e-03
1.742919466175641210e-02 6.395076185266914681e-01 3.240018850268924604e-04 1.425661228023908291e-03 2.357536846666342424e-03 4.833921092315575244e-04 1.508570671385033382e-03 2.691200235858559608e-03 6.222721023364812254e-01 4.301892719404357135e-02 8.269502153540726763e-02 6.105157920032669994e-01 3.448528548834215585e-02 6.264001622447004647e-02 3.600035154960268269e-01 3.600035154960268269e-01 6.264001622447004647e-02 3.448528548834215585e-02 6.105157920032669994e-01 8.269502153540726763e-02 4.301892719404357135e-02 6.222721023364812254e-01 2.691200235858559608e-03 1.508570671385033382e-03 4.833921092315575244e-04 2.357536846666342424e-03 1.425661228023908291e-03 3.240018850268924604e-04 6.395076185266914681e-01 1.742919466175641210e-02
2.975270349788253503e-04 4.847555571243764748e-05 3.318867649428004513e-03 8.584044782388385031e-02 5.059661295418415444e-03 1.365961563329295692e-01 6.582860820129170232e-02 6.222721023364812254e-01 1.524953693151473721e-01 9.393658931504584447e-03 7.593996117269885548e-02 4.577452591768679802e-01 5.116144933365876328e-03 4.904982340807785210e-03 7.853329258639205057e-02 7.853329258639205057e-02 4.904982340807785210e-03 5.116144933365876328e-03 4.577452591768679802e-01 7.593996117269885548e-02 9.393658931504584447e-03 1.524953693151473721e-01 6.222721023364812254e-01 6.582860820129170232e-02 1.365961563329295692e-01 5.059661295418415444e-03 8.584044782388385031e-02 3.318867649428004513e-03 4.847555571243764748e-05 2.975270349788253503e-04
6.026175356616203516e-01 1.611728956043419203e-02 7.367978778911392357e-02 2.680086780792750867e-02 1.201527106439226117e-03 1.899873599274257141e-01 3.574057468985917807e-01 4.301892719404357135e-02 9.393658931504584447e-03 2.590262331068516125e-02 4.554659317064736063e-02 6.105276607300207381e-01 5.947497812584000565e-01 1.014072100995683096e-01 7.687130928707792445e-03 7.687130928707792445e-03 1.014072100995683096e-01 5.947497812584000565e-01 6.105276607300207381e-01 4.554659317064736063e-02 2.590262331068516125e-02 9.393658931504584447e-03 4.301892719404357135e-02 3.574057468985917807e-01 1.899873599274257141e-01 1.201527106439226117e-03 2.680086780792750867e-02 7.367978778911392357e-02 1.611728956043419203e-02 6.026175356616203516e-01
1.953134581509478190e-02 1.025451831210043237e-04 5.307255770586607416e-04 3.181867523318409555e-03 4.820398870336996960e-02 1.269077031425746606e-02 1.323516518965269645e-02 8.269502153540726763e-02 7.593996117269885548e-02 4.554659317064736063e-02 4.614906013011930985e-02 3.758068436207065433e-02 1.313084176702587202e-01 6.163774652559245171e-01 4.894305294719536806e-03 4.894305294719536806e-03 6.163774652559245171e-01 1.313084176702587202e-01 3.758068436207065433e-02 4.614906013011930985e-02 4.554659317064736063e-02 7.593996117269885548e-02 8.269502153540726763e-02 1.323516518965269645e-02 1.269077031425746606e-02 4.820398870336996960e-02 3.181867523318409555e-03 5.307255770586607416e-04 1.025451831210043237e-04 1.953134581509478190e-02
2.422697928775618126e-01 2.111867393270902907e-02 1.757320755074566552e-04 2.523909037278855311e-03 5.938842843582308184e-01 1.173424787642769751e-01 3.013854919538594412e-02 6.105157920032669994e-01 4.577452591768679802e-01 6.105276607300207381e-01 3.758068436207065433e-02 6.212275028228759766e-01 1.742268841272941009e-03 8.220174121028614445e-02 5.601197259137784545e-01 5.601197259137784545e-01 8.220174121028614445e-02 1.742268841272941009e-03 6.212275028228759766e-01 3.758068436207065433e-02 6.105276607300207381e-01 4.577452591768679802e-01 6.105157920032669994e-01 3.013854919538594412e-02 1.173424787642769751e-01 5.938842843582308184e-01 2.523909037278855311e-03 1.757320755074566552e-04 2.111867393270902907e-02 2.422697928775618126e-01
6.285323233446703586e-03 1.693673254212134938e-01 9.862316163212259991e-04 3.023233336360261862e-03 2.592513221424678788e-03 5.377161764489515328e-01 6.656470676894593597e-03 3.448528548834215585e-02 5.116144933365876328e-03 5.947497812584000565e-01 1.313084176702587202e-01 1.742268841272941009e-03 1.977614499628543507e-02 5.919787511728189511e-01 1.869314524148143197e-01 1.869314524148143197e-01 5.919787511728189511e-01 1.977614499628543507e-02 1.742268841272941009e-03 1.313084176702587202e-01 5.947497812584000565e-01 5.116144933365876328e-03 3.448528548834215585e-02 6.656470676894593597e-03 5.377161764489515328e-01 2.592513221424678788e-03 3.023233336360261862e-03 9.862316163212259991e-04 1.693673254212134938e-01 6.285323233446703586e-03
1.583529421037973227e-04 6.258895045109298394e-01 3.554589391172000012e-02 8.949809570316037861e-04 5.222009874705519500e-04 6.343195661345556180e-02 3.024733916599324154e-03 6.264001622447004647e-02 4.904982340807785210e-03 1.014072100995683096e-01 6.163774652559245171e-01 8.220174121028614445e-02 5.919787511728189511e-01 3.919832815881818533e-04 1.544624208650288433e-01 1.544624208650288433e-01 3.919832815881818533e-04 5.919787511728189511e-01 8.220174121028614445e-02 6.163774652559245171e-01 1.014072100995683096e-01 4.904982340807785210e-03 6.264001622447004647e-02 3.024733916599324154e-03 6.343195661345556180e-02 5.222009874705519500e-04 8.949809570316037861e-04 3.554589391172000012e-02 6.258895045109298394e-01 1.583529421037973227e-04
1.724190058851829887e-03 5.211089329638192158e-01 3.344079835486726826e-02 1.831791414235488247e-02 3.052132258619648202e-03 6.999128599034472493e-03 4.371888003221949814e-01 3.600035154960268269e-01 7.853329258639205057e-02 7.687130928707792445e-03 4.894305294719536806e-03 5.601197259137784545e-01 1.869314524148143197e-01 1.544624208650288433e-01 1.947657912969588956e-01 1.947657912969588956e-01 1.544624208650288433e-01 1.869314524148143197e-01 5.601197259137784545e-01 4.894305294719536806e-03 7.687130928707792445e-03 7.853329258639205057e-02 3.600035154960268269e-01 4.371888003221949814e-01 6.999128599034472493e-03 3.052132258619648202e-03 1.831791414235488247e-02 3.344079835486726826e-02 5.211089329638192158e-01 1.724190058851829887e-03
1.724190058851829887e-03 5.211089329638192158e-01 3.344079835486726826e-02 1.831791414235488247e-02 3.052132258619648202e-03 6.999128599034472493e-03 4.371888003221949814e-01 3.600035154960268269e-01 7.853329258639205057e-02 7.687130928707792445e-03 4.894305294719536806e-03 5.601197259137784545e-01 1.869314524148143197e-01 1.544624208650288433e-01 1.947657912969588956e-01 1.947657912969588956e-01 1.544624208650288433e-01 1.869314524148143197e-01 5.601197259137784545e-01 4.894305294719536806e-03 7.687130928707792445e-03 7.853329258639205057e-02 3.600035154960268269e-01 4.371888003221949814e-01 6.999128599034472493e-03 3.052132258619648202e-03 1.831791414235488247e-02 3.344079835486726826e-02 5.211089329638192158e-01 1.724190058851829887e-03
1.583529421037973227e-04 6.258895045109298394e-01 3.554589391172000012e-02 8.949809570316037861e-04 5.222009874705519500e-04 6.343195661345556180e-02 3.024733916599324154e-03 6.264001622447004647e-02 4.904982340807785210e-03 1.014072100995683096e-01 6.163774652559245171e-01 8.220174121028614445e-02 5.919787511728189511e-01 3.919832815881818533e-04 1.544624208650288433e-01 1.544624208650288433e-01 3.919832815881818533e-04 5.919787511728189511e-01 8.220174121028614445e-02 6.163774652559245171e-01 1.014072100995683096e-01 4.904982340807785210e-03 6.264001622447004647e-02 3.024733916599324154e-03 6.343195661345556180e-02 5.222009874705519500e-04 8.949809570316037861e-04 3.554589391172000012e-02 6.258895045109298394e-01 1.583529421037973227e-04
6.285323233446703586e-03 1.693673254212134938e-01 9.862316163212259991e-04 3.023233336360261862e-03 2.592513221424678788e-03 5.377161764489515328e-01 6.656470676894593597e-03 3.448528548834215585e-02 5.116144933365876328e-03 5.947497812584000565e-01 1.313084176702587202e-01 1.742268841272941009e-03 1.977614499628543507e-02 5.919787511728189511e-01 1.869314524148143197e-01 1.869314524148143197e-01 5.919787511728189511e-01 1.977614499628543507e-02 1.742268841272941009e-03 1.313084176702587202e-01 5.947497812584000565e-01 5.116144933365876328e-03 3.448528548834215585e-02 6.656470676894593597e-03 5.377161764489515328e-01 2.592513221424678788e-03 3.023233336360261862e-03 9.862316163212259991e-04 1.693673254212134938e-01 6.285323233446703586e-03
2.422697928775618126e-01 2.111867393270902907e-02 1.757320755074566552e-04 2.523909037278855311e-03 5.938842843582308184e-01 1.173424787642769751e-01 3.013854919538594412e-02 6.105157920032669994e-01 4.577452591768679802e-01 6.105276607300207381e-01 3.758068436207065433e-02 6.212275028228759766e-01 1.742268841272941009e-03 8.220174121028614445e-02 5.601197259137784545e-01 5.601197259137784545e-01 8.220174121028614445e-02 1.742268841272941009e-03 6.212275028228759766e-01 3.758068436207065433e-02 6.105276607300207381e-01 4.577452591768679802e-01 6.105157920032669994e-01 3.013854919538594412e-02 1.173424787642769751e-01 5.938842843582308184e-01 2.523909037278855311e-03 1.757320755074566552e-04 2.111867393270902907e-02 2.422697928775618126e-01
1.953134581509478190e-02 1.025451831210043237e-04 5.307255770586607416e-04 3.181867523318409555e-03 4.820398870336996960e-02 1.269077031425746606e-02 1.323516518965269645e-02 8.269502153540726763e-02 7.593996117269885548e-02 4.554659317064736063e-02 4.614906013011930985e-02 3.758068436207065433e-02 1.313084176702587202e-01 6.163774652559245171e-01 4.894305294719536806e-03 4.894305294719536806e-03 6.163774652559245171e-01 1.313084176702587202e-01 3.758068436207065433e-02 4.614906013011930985e-02 4.554659317064736063e-02 7.593996117269885548e-02 8.269502153540726763e-02 1.323516518965269645e-02 1.269077031425746606e-02 4.820398870336996960e-02 3.181867523318409555e-03 5.307255770586607416e-04 1.025451831210043237e-04 1.953134581509478190e-02
6.026175356616203516e-01 1.611728956043419203e-02 7.367978778911392357e-02 2.680086780792750867e-02 1.201527106439226117e-03 1.899873599274257141e-01 3.574057468985917807e-01 4.301892719404357135e-02 9.393658931504584447e-03 2.590262331068516125e-02 4.554659317064736063e-02 6.105276607300207381e-01 5.947497812584000565e-01 1.014072100995683096e-01 7.687130928707792445e-03 7.687130928707792445e-03 1.014072100995683096e-01 5.947497812584000565e-01 6.105276607300207381e-01 4.554659317064736063e-02 2.590262331068516125e-02 9.393658931504584447e-03 4.301892719404357135e-02 3.574057468985917807e-01 1.899873599274257141e-01 1.201527106439226117e-03 2.680086780792750867e-02 7.367978778911392357e-02 1.611728956043419203e-02 6.026175356616203516e-01
2.975270349788253503e-04 4.847555571243764748e-05 3.318867649428004513e-03 8.584044782388385031e-02 5.059661295418415444e-03 1.365961563329295692e-01 6.582860820129170232e-02 6.222721023364812254e-01 1.524953693151473721e-01 9.393658931504584447e-03 7.593996117269885548e-02 4.577452591768679802e-01 5.116144933365876328e-03 4.904982340807785210e-03 7.853329258639205057e-02 7.853329258639205057e-02 4.904982340807785210e-03 5.116144933365876328e-03 4.577452591768679802e-01 7.593996117269885548e-02 9.393658931504584447e-03 1.524953693151473721e-01 6.222721023364812254e-01 6.582860820129170232e-02 1.365961563329295692e-01 5.059661295418415444e-03 8.584044782388385031e-02 3.318867649428004513e-03 4.847555571243764748e-05 2.975270349788253503e-04
1.742919466175641210e-02 6.395076185266914681e-01 3.240018850268924604e-04 1.425661228023908291e-03 2.357536846666342424e-03 4.833921092315575244e-04 1.508570671385033382e-03 2.691200235858559608e-03 6.222721023364812254e-01 4.301892719404357135e-02 8.269502153540726763e-02 6.105157920032669994e-01 3.448528548834215585e-02 6.264001622447004647e-02 3.600035154960268269e-01 3.600035154960268269e-01 6.264001622447004647e-02 3.448528548834215585e-02 6.105157920032669994e-01 8.269502153540726763e-02 4.301892719404357135e-02 6.222721023364812254e-01 2.691200235858559608e-03 1.508570671385033382e-03 4.833921092315575244e-04 2.357536846666342424e-03 1.425661228023908291e-03 3.240018850268924604e-04 6.395076185266914681e-01 1.742919466175641210e-02
1.827031228369081686e-03 1.215593105662012702e-01 8.750428790296316923e-05 5.307630660359760055e-01 5.695130338517485624e-01 4.323541046326104809e-01 6.701050326228141785e-03 1.508570671385033382e-03 6.582860820129170232e-02 3.574057468985917807e-01 1.323516518965269645e-02 3.013854919538594412e-02 6.656470676894593597e-03 3.024733916599324154e-03 4.371888003221949814e-01 4.371888003221949814e-01 3.024733916599324154e-03 6.656470676894593597e-03 3.013854919538594412e-02 1.323516518965269645e-02 3.574057468985917807e-01 6.582860820129170232e-02 1.508570671385033382e-03 6.701050326228141785e-03 4.323541046326104809e-01 5.695130338517485624e-01 5.307630660359760055e-01 8.750428790296316923e-05 1.215593105662012702e-01 1.827031228369081686e-03
1.727225894184158397e-04 9.481461776017802590e-04 2.994302901875955328e-03 2.408596245466504415e-02 5.989962776344126549e-01 8.385821129195392132e-04 4.323541046326104809e-01 4.833921092315575244e-04 1.365961563329295692e-01 1.899873599274257141e-01 1.269077031425746606e-02 1.173424787642769751e-01 5.377161764489515328e-01 6.343195661345556180e-02 6.999128599034472493e-03 6.999128599034472493e-03 6.343195661345556180e-02 5.377161764489515328e-01 1.173424787642769751e-01 1.269077031425746606e-02 1.899873599274257141e-01 1.365961563329295692e-01 4.833921092315575244e-04 4.323541046326104809e-01 8.385821129195392132e-04 5.989962776344126549e-01 2.408596245466504415e-02 2.994302901875955328e-03 9.481461776017802590e-04 1.727225894184158397e-04
3.713914707375838842e-01 3.013509904899128004e-03 1.059258783260990126e-03 2.217088476754735008e-04 3.772159980144351179e-04 5.989962776344126549e-01 5.695130338517485624e-01 2.357536846666342424e-03 5.059661295418415444e-03 1.201527106439226117e-03 4.820398870336996960e-02 5.938842843582308184e-01 2.592513221424678788e-03 5.222009874705519500e-04 3.052132258619648202e-03 3.052132258619648202e-03 5.222009874705519500e-04 2.592513221424678788e-03 5.938842843582308184e-01 4.820398870336996960e-02 1.201527106439226117e-03 5.059661295418415444e-03 2.357536846666342424e-03 5.695130338517485624e-01 5.989962776344126549e-01 3.772159980144351179e-04 2.217088476754735008e-04 1.059258783260990126e-03 3.013509904899128004e-03 3.713914707375838842e-01
5.896359958611167981e-04 1.032217008927358709e-01 2.227176951198439267e-02 2.978589918711804785e-06 2.217088476754735008e-04 2.408596245466504415e-02 5.307630660359760055e-01 1.425661228023908291e-03 8.584044782388385031e-02 2.680086780792750867e-02 3.181867523318409555e-03 2.523909037278855311e-03 3.023233336360261862e-03 8.949809570316037861e-04 1.831791414235488247e-02 1.831791414235488247e-02 8.949809570316037861e-04 3.023233336360261862e-03 2.523909037278855311e-03 3.181867523318409555e-03 2.680086780792750867e-02 8.584044782388385031e-02 1.425661228023908291e-03 5.307630660359760055e-01 2.408596245466504415e-02 2.217088476754735008e-04 2.978589918711804785e-06 2.227176951198439267e-02 1.032217008927358709e-01 5.896359958611167981e-04
6.141040639970028747e-04 3.669212505615075670e-02 6.070565432310103286e-04 2.227176951198439267e-02 1.059258783260990126e-03 2.994302901875955328e-03 8.750428790296316923e-05 3.240018850268924604e-04 3.318867649428004513e-03 7.367978778911392357e-02 5.307255770586607416e-04 1.757320755074566552e-04 9.862316163212259991e-04 3.554589391172000012e-02 3.344079835486726826e-02 3.344079835486726826e-02 3.554589391172000012e-02 9.862316163212259991e-04 1.757320755074566552e-04 5.307255770586607416e-04 7.367978778911392357e-02 3.318867649428004513e-03 3.240018850268924604e-04 8.750428790296316923e-05 2.994302901875955328e-03 1.059258783260990126e-03 2.227176951198439267e-02 6.070565432310103286e-04 3.669212505615075670e-02 6.141040639970028747e-04
3.447767922044498497e-03 2.020953715486943112e-08 3.669212505615075670e-02 1.032217008927358709e-01 3.013509904899128004e-03 9.481461776017802590e-04 1.215593105662012702e-01 6.395076185266914681e-01 4.847555571243764748e-05 1.611728956043419203e-02 1.025451831210043237e-04 2.111867393270902907e-02 1.693673254212134938e-01 6.258895045109298394e-01 5.211089329638192158e-01 5.211089329638192158e-01 6.258895045109298394e-01 1.693673254212134938e-01 2.111867393270902907e-02 1.025451831210043237e-04 1.611728956043419203e-02 4.847555571243764748e-05 6.395076185266914681e-01 1.215593105662012702e-01 9.481461776017802590e-04 3.013509904899128004e-03 1.032217008927358709e-01 3.669212505615075670e-02 2.020953715486943112e-08 3.447767922044498497e-03
8.830644190311430497e-02 3.447767922044498497e-03 6.141040639970028747e-04 5.896359958611167981e-04 3.713914707375838842e-01 1.727225894184158397e-04 1.827031228369081686e-03 1.742919466175641210e-02 2.975270349788253503e-04 6.026175356616203516e-01 1.953134581509478190e-02 2.422697928775618126e-01 6.285323233446703586e-03 1.583529421037973227e-04 1.724190058851829887e-03 1.724190058851829887e-03 1.583529421037973227e-04 6.285323233446703586e-03 2.422697928775618126e-01 1.953134581509478190e-02 6.026175356616203516e-01 2.975270349788253503e-04 1.742919466175641210e-02 1.827031228369081686e-03 1.727225894184158397e-04 3.713914707375838842e-01 5.896359958611167981e-04 6.141040639970028747e-04 3.447767922044498497e-03 8.830644190311430497e-02
