1.079493686556816101e-01 1.123588110602524309e-01 1.163992379595965437e-01 1.200146135407763881e-01 1.236753169392124235e-01 1.274423266956425937e-01 1.314285041343176974e-01 1.352255195793800602e-01 1.356604212744171034e-01 1.377401642787033365e-01 1.401162619176084534e-01 1.427142749785268450e-01 1.436063295618652536e-01 1.455402692030537959e-01 1.487266759334744393e-01 1.487266759334744393e-01 1.455402692030537959e-01 1.436063295618652536e-01 1.427142749785268450e-01 1.401162619176084534e-01 1.377401642787033365e-01 1.356604212744171034e-01 1.352255195793800602e-01 1.314285041343176974e-01 1.274423266956425937e-01 1.236753169392124235e-01 1.200146135407763881e-01 1.163992379595965437e-01 1.123588110602524309e-01 1.079493686556816101e-01
1.123588110602524309e-01 1.168266162276267867e-01 1.213954425326793513e-01 1.250851050718495283e-01 1.287661607416864529e-01 1.324807242337429081e-01 1.363289432876169660e-01 1.404879872427346466e-01 1.426805961726661243e-01 1.447085634205937110e-01 1.469466347197801448e-01 1.498142373218453727e-01 1.505772304370816272e-01 1.524064824322510781e-01 1.557161736470894786e-01 1.557161736470894786e-01 1.524064824322510781e-01 1.505772304370816272e-01 1.498142373218453727e-01 1.469466347197801448e-01 1.447085634205937110e-01 1.426805961726661243e-01 1.404879872427346466e-01 1.363289432876169660e-01 1.324807242337429081e-01 1.287661607416864529e-01 1.250851050718495283e-01 1.213954425326793513e-01 1.168266162276267867e-01 1.123588110602524309e-01
1.163992379595965437e-01 1.213954425326793513e-01 1.262112259864807129e-01 1.303881027471887333e-01 1.341175419970656590e-01 1.378049187076034465e-01 1.415259595709001395e-01 1.454458112546621606e-01 1.488226420136284922e-01 1.517413045730378329e-01 1.538014552915080158e-01 1.564597375899921539e-01 1.574656918844414000e-01 1.590585856810400045e-01 1.624520468349855140e-01 1.624520468349855140e-01 1.590585856810400045e-01 1.574656918844414000e-01 1.564597375899921539e-01 1.538014552915080158e-01 1.517413045730378329e-01 1.488226420136284922e-01 1.454458112546621606e-01 1.415259595709001395e-01 1.378049187076034465e-01 1.341175419970656590e-01 1.303881027471887333e-01 1.262112259864807129e-01 1.213954425326793513e-01 1.163992379595965437e-01
1.200146135407763881e-01 1.250851050718495283e-01 1.303881027471887333e-01 1.357508897781372070e-01 1.396972176830403312e-01 1.433914855749542361e-01 1.470130612702478246e-01 1.506961057396656312e-01 1.544626465680042915e-01 1.586713851381390261e-01 1.606609733329875389e-01 1.630241442939499574e-01 1.643095076273120014e-01 1.655509109921110833e-01 1.689905687079485130e-01 1.689905687079485130e-01 1.655509109921110833e-01 1.643095076273120014e-01 1.630241442939499574e-01 1.606609733329875389e-01 1.586713851381390261e-01 1.544626465680042915e-01 1.506961057396656312e-01 1.470130612702478246e-01 1.433914855749542361e-01 1.396972176830403312e-01 1.357508897781372070e-01 1.303881027471887333e-01 1.250851050718495283e-01 1.200146135407763881e-01
1.236753169392124235e-01 1.287661607416864529e-01 1.341175419970656590e-01 1.396972176830403312e-01 1.447536796331405917e-01 1.491835159652085685e-01 1.527687898635399499e-01 1.562438754463830459e-01 1.598662159150010531e-01 1.639216560407286971e-01 1.675079595991771086e-01 1.694885498220452535e-01 1.710945115560841001e-01 1.718292341723621774e-01 1.752549496073882163e-01 1.752549496073882163e-01 1.718292341723621774e-01 1.710945115560841001e-01 1.694885498220452535e-01 1.675079595991771086e-01 1.639216560407286971e-01 1.598662159150010531e-01 1.562438754463830459e-01 1.527687898635399499e-01 1.491835159652085685e-01 1.447536796331405917e-01 1.396972176830403312e-01 1.341175419970656590e-01 1.287661607416864529e-01 1.236753169392124235e-01
1.274423266956425937e-01 1.324807242337429081e-01 1.378049187076034465e-01 1.433914855749542361e-01 1.491835159652085685e-01 1.538793891668319702e-01 1.582865093938631562e-01 1.620777445620828761e-01 1.653282728873519403e-01 1.693836494009189897e-01 1.734036441109597093e-01 1.758504295199393164e-01 1.778277710192544825e-01 1.778474733850944345e-01 1.811631162812669116e-01 1.811631162812669116e-01 1.778474733850944345e-01 1.778277710192544825e-01 1.758504295199393164e-01 1.734036441109597093e-01 1.693836494009189897e-01 1.653282728873519403e-01 1.620777445620828761e-01 1.582865093938631562e-01 1.538793891668319702e-01 1.491835159652085685e-01 1.433914855749542361e-01 1.378049187076034465e-01 1.324807242337429081e-01 1.274423266956425937e-01
1.314285041343176974e-01 1.363289432876169660e-01 1.415259595709001395e-01 1.470130612702478246e-01 1.527687898635399499e-01 1.582865093938631562e-01 1.629805415868759155e-01 1.672740194931510715e-01 1.710907500800158132e-01 1.748997442409640779e-01 1.781412935552749988e-01 1.821275979381873911e-01 1.841921920499969001e-01 1.835786936952018555e-01 1.866289295273617643e-01 1.866289295273617643e-01 1.835786936952018555e-01 1.841921920499969001e-01 1.821275979381873911e-01 1.781412935552749988e-01 1.748997442409640779e-01 1.710907500800158132e-01 1.672740194931510715e-01 1.629805415868759155e-01 1.582865093938631562e-01 1.527687898635399499e-01 1.470130612702478246e-01 1.415259595709001395e-01 1.363289432876169660e-01 1.314285041343176974e-01
1.352255195793800602e-01 1.404879872427346466e-01 1.454458112546621606e-01 1.506961057396656312e-01 1.562438754463830459e-01 1.620777445620828761e-01 1.672740194931510715e-01 1.718842834234237393e-01 1.759591882635850868e-01 1.795726230078555086e-01 1.831907821077925491e-01 1.867582907710097218e-01 1.895129076892283493e-01 1.890345057920755634e-01 1.915641081798039880e-01 1.915641081798039880e-01 1.890345057920755634e-01 1.895129076892283493e-01 1.867582907710097218e-01 1.831907821077925491e-01 1.795726230078555086e-01 1.759591882635850868e-01 1.718842834234237393e-01 1.672740194931510715e-01 1.620777445620828761e-01 1.562438754463830459e-01 1.506961057396656312e-01 1.454458112546621606e-01 1.404879872427346466e-01 1.352255195793800602e-01
1.356604212744171034e-01 1.426805961726661243e-01 1.488226420136284922e-01 1.544626465680042915e-01 1.598662159150010531e-01 1.653282728873519403e-01 1.710907500800158132e-01 1.759591882635850868e-01 1.803974956274032593e-01 1.841364355768934091e-01 1.882138889534634152e-01 1.906103212025023474e-01 1.946968146623723750e-01 1.943008519612691443e-01 1.958810923730409381e-01 1.958810923730409381e-01 1.943008519612691443e-01 1.946968146623723750e-01 1.906103212025023474e-01 1.882138889534634152e-01 1.841364355768934091e-01 1.803974956274032593e-01 1.759591882635850868e-01 1.710907500800158132e-01 1.653282728873519403e-01 1.598662159150010531e-01 1.544626465680042915e-01 1.488226420136284922e-01 1.426805961726661243e-01 1.356604212744171034e-01
1.377401642787033365e-01 1.447085634205937110e-01 1.517413045730378329e-01 1.586713851381390261e-01 1.639216560407286971e-01 1.693836494009189897e-01 1.748997442409640779e-01 1.795726230078555086e-01 1.841364355768934091e-01 1.883145868778228482e-01 1.916774790375192494e-01 1.949628633223579877e-01 1.978843204296918679e-01 1.996042684482702279e-01 1.995001560086350489e-01 1.995001560086350489e-01 1.996042684482702279e-01 1.978843204296918679e-01 1.949628633223579877e-01 1.916774790375192494e-01 1.883145868778228482e-01 1.841364355768934091e-01 1.795726230078555086e-01 1.748997442409640779e-01 1.693836494009189897e-01 1.639216560407286971e-01 1.586713851381390261e-01 1.517413045730378329e-01 1.447085634205937110e-01 1.377401642787033365e-01
1.401162619176084534e-01 1.469466347197801448e-01 1.538014552915080158e-01 1.606609733329875389e-01 1.675079595991771086e-01 1.734036441109597093e-01 1.781412935552749988e-01 1.831907821077925491e-01 1.882138889534634152e-01 1.916774790375192494e-01 1.954275518655776700e-01 1.986488275096402190e-01 2.004657238987750112e-01 2.045057190508175748e-01 2.023710828646317628e-01 2.023710828646317628e-01 2.045057190508175748e-01 2.004657238987750112e-01 1.986488275096402190e-01 1.954275518655776700e-01 1.916774790375192494e-01 1.882138889534634152e-01 1.831907821077925491e-01 1.781412935552749988e-01 1.734036441109597093e-01 1.675079595991771086e-01 1.606609733329875389e-01 1.538014552915080158e-01 1.469466347197801448e-01 1.401162619176084534e-01
1.427142749785268450e-01 1.498142373218453727e-01 1.564597375899921539e-01 1.630241442939499574e-01 1.694885498220452535e-01 1.758504295199393164e-01 1.821275979381873911e-01 1.867582907710097218e-01 1.906103212025023474e-01 1.949628633223579877e-01 1.986488275096402190e-01 2.015371173620223721e-01 2.041329657518835550e-01 2.061649582273506198e-01 2.045574444783156143e-01 2.045574444783156143e-01 2.061649582273506198e-01 2.041329657518835550e-01 2.015371173620223721e-01 1.986488275096402190e-01 1.949628633223579877e-01 1.906103212025023474e-01 1.867582907710097218e-01 1.821275979381873911e-01 1.758504295199393164e-01 1.694885498220452535e-01 1.630241442939499574e-01 1.564597375899921539e-01 1.498142373218453727e-01 1.427142749785268450e-01
1.436063295618652536e-01 1.505772304370816272e-01 1.574656918844414000e-01 1.643095076273120014e-01 1.710945115560841001e-01 1.778277710192544825e-01 1.841921920499969001e-01 1.895129076892283493e-01 1.946968146623723750e-01 1.978843204296918679e-01 2.004657238987750112e-01 2.041329657518835550e-01 2.064642459154129583e-01 2.072471469409057077e-01 2.066347387276843139e-01 2.066347387276843139e-01 2.072471469409057077e-01 2.064642459154129583e-01 2.041329657518835550e-01 2.004657238987750112e-01 1.978843204296918679e-01 1.946968146623723750e-01 1.895129076892283493e-01 1.841921920499969001e-01 1.778277710192544825e-01 1.710945115560841001e-01 1.643095076273120014e-01 1.574656918844414000e-01 1.505772304370816272e-01 1.436063295618652536e-01
1.455402692030537959e-01 1.524064824322510781e-01 1.590585856810400045e-01 1.655509109921110833e-01 1.718292331304511478e-01 1.778474733850944345e-01 1.835786936952018555e-01 1.890345057920755634e-01 1.943008519612691443e-01 1.996042684482702279e-01 2.045057190508175748e-01 2.061649582273506198e-01 2.072471469409057077e-01 2.097114026546477994e-01 2.122864599568211330e-01 2.122864599568211330e-01 2.097114026546477994e-01 2.072471469409057077e-01 2.061649582273506198e-01 2.045057190508175748e-01 1.996042684482702279e-01 1.943008519612691443e-01 1.890345057920755634e-01 1.835786936952018555e-01 1.778474733850944345e-01 1.718292331304511478e-01 1.655509109921110833e-01 1.590585856810400045e-01 1.524064824322510781e-01 1.455402692030537959e-01
1.487266759334744393e-01 1.557161736470894786e-01 1.624520468349855140e-01 1.689905687079485130e-01 1.752549496073882163e-01 1.811631162812669116e-01 1.866289295273617643e-01 1.915641081798039880e-01 1.958810923730409381e-01 1.995001560086350489e-01 2.023710828646317628e-01 2.045574444783156143e-01 2.066347387276843139e-01 2.122864599568211330e-01 6.175258248805238057e-12 2.265729772923118948e-11 2.122864599568211330e-01 2.066347387276843139e-01 2.045574444783156143e-01 2.023710828646317628e-01 1.995001560086350489e-01 1.958810923730409381e-01 1.915641081798039880e-01 1.866289295273617643e-01 1.811631162812669116e-01 1.752549496073882163e-01 1.689905687079485130e-01 1.624520468349855140e-01 1.557161736470894786e-01 1.487266759334744393e-01
1.487266759334744393e-01 1.557161736470894786e-01 1.624520468349855140e-01 1.689905687079485130e-01 1.752549496073882163e-01 1.811631162812669116e-01 1.866289295273617643e-01 1.915641081798039880e-01 1.958810923730409381e-01 1.995001560086350489e-01 2.023710828646317628e-01 2.045574444783156143e-01 2.066347387276843139e-01 2.122864599568211330e-01 5.379671567069768892e-14 5.420810376366258409e-14 2.122864599568211330e-01 2.066347387276843139e-01 2.045574444783156143e-01 2.023710828646317628e-01 1.995001560086350489e-01 1.958810923730409381e-01 1.915641081798039880e-01 1.866289295273617643e-01 1.811631162812669116e-01 1.752549496073882163e-01 1.689905687079485130e-01 1.624520468349855140e-01 1.557161736470894786e-01 1.487266759334744393e-01
1.455402692030537959e-01 1.524064824322510781e-01 1.590585856810400045e-01 1.655509109921110833e-01 1.718292341723621774e-01 1.778474733850944345e-01 1.835786936952018555e-01 1.890345057920755634e-01 1.943008519612691443e-01 1.996042684482702279e-01 2.045057190508175748e-01 2.061649582273506198e-01 2.072471469409057077e-01 2.097114026546477994e-01 2.122864599568211330e-01 2.122864599568211330e-01 2.097114026546477994e-01 2.072471469409057077e-01 2.061649582273506198e-01 2.045057190508175748e-01 1.996042684482702279e-01 1.943008519612691443e-01 1.890345057920755634e-01 1.835786936952018555e-01 1.778474733850944345e-01 1.718292341723621774e-01 1.655509109921110833e-01 1.590585856810400045e-01 1.524064824322510781e-01 1.455402692030537959e-01
1.436063295618652536e-01 1.505772304370816272e-01 1.574656918844414000e-01 1.643095076273120014e-01 1.710945115560841001e-01 1.778277710192544825e-01 1.841921920499969001e-01 1.895129076892283493e-01 1.946968146623723750e-01 1.978843204296918679e-01 2.004657238987750112e-01 2.041329657518835550e-01 2.064642459154129583e-01 2.072471469409057077e-01 2.066347387276843139e-01 2.066347387276843139e-01 2.072471469409057077e-01 2.064642459154129583e-01 2.041329657518835550e-01 2.004657238987750112e-01 1.978843204296918679e-01 1.946968146623723750e-01 1.895129076892283493e-01 1.841921920499969001e-01 1.778277710192544825e-01 1.710945115560841001e-01 1.643095076273120014e-01 1.574656918844414000e-01 1.505772304370816272e-01 1.436063295618652536e-01
1.427142749785268450e-01 1.498142373218453727e-01 1.564597375899921539e-01 1.630241442939499574e-01 1.694885498220452535e-01 1.758504295199393164e-01 1.821275979381873911e-01 1.867582907710097218e-01 1.906103212025023474e-01 1.949628633223579877e-01 1.986488275096402190e-01 2.015371173620223721e-01 2.041329657518835550e-01 2.061649582273506198e-01 2.045574444783156143e-01 2.045574444783156143e-01 2.061649582273506198e-01 2.041329657518835550e-01 2.015371173620223721e-01 1.986488275096402190e-01 1.949628633223579877e-01 1.906103212025023474e-01 1.867582907710097218e-01 1.821275979381873911e-01 1.758504295199393164e-01 1.694885498220452535e-01 1.630241442939499574e-01 1.564597375899921539e-01 1.498142373218453727e-01 1.427142749785268450e-01
1.401162619176084534e-01 1.469466347197801448e-01 1.538014552915080158e-01 1.606609733329875389e-01 1.675079595991771086e-01 1.734036441109597093e-01 1.781412935552749988e-01 1.831907821077925491e-01 1.882138889534634152e-01 1.916774790375192494e-01 1.954275518655776700e-01 1.986488275096402190e-01 2.004657238987750112e-01 2.045057190508175748e-01 2.023710828646317628e-01 2.023710828646317628e-01 2.045057190508175748e-01 2.004657238987750112e-01 1.986488275096402190e-01 1.954275518655776700e-01 1.916774790375192494e-01 1.882138889534634152e-01 1.831907821077925491e-01 1.781412935552749988e-01 1.734036441109597093e-01 1.675079595991771086e-01 1.606609733329875389e-01 1.538014552915080158e-01 1.469466347197801448e-01 1.401162619176084534e-01
1.377401642787033365e-01 1.447085634205937110e-01 1.517413045730378329e-01 1.586713851381390261e-01 1.639216560407286971e-01 1.693836494009189897e-01 1.748997442409640779e-01 1.795726230078555086e-01 1.841364355768934091e-01 1.883145868778228482e-01 1.916774790375192494e-01 1.949628633223579877e-01 1.978843204296918679e-01 1.996042684482702279e-01 1.995001560086350489e-01 1.995001560086350489e-01 1.996042684482702279e-01 1.978843204296918679e-01 1.949628633223579877e-01 1.916774790375192494e-01 1.883145868778228482e-01 1.841364355768934091e-01 1.795726230078555086e-01 1.748997442409640779e-01 1.693836494009189897e-01 1.639216560407286971e-01 1.586713851381390261e-01 1.517413045730378329e-01 1.447085634205937110e-01 1.377401642787033365e-01
1.356604212744171034e-01 1.426805961726661243e-01 1.488226420136284922e-01 1.544626465680042915e-01 1.598662159150010531e-01 1.653282728873519403e-01 1.710907500800158132e-01 1.759591882635850868e-01 1.803974956274032593e-01 1.841364355768934091e-01 1.882138889534634152e-01 1.906103212025023474e-01 1.946968146623723750e-01 1.943008519612691443e-01 1.958810923730409381e-01 1.958810923730409381e-01 1.943008519612691443e-01 1.946968146623723750e-01 1.906103212025023474e-01 1.882138889534634152e-01 1.841364355768934091e-01 1.803974956274032593e-01 1.759591882635850868e-01 1.710907500800158132e-01 1.653282728873519403e-01 1.598662159150010531e-01 1.544626465680042915e-01 1.488226420136284922e-01 1.426805961726661243e-01 1.356604212744171034e-01
1.352255195793800602e-01 1.404879872427346466e-01 1.454458112546621606e-01 1.506961057396656312e-01 1.562438754463830459e-01 1.620777445620828761e-01 1.672740194931510715e-01 1.718842834234237393e-01 1.759591882635850868e-01 1.795726230078555086e-01 1.831907821077925491e-01 1.867582907710097218e-01 1.895129076892283493e-01 1.890345057920755634e-01 1.915641081798039880e-01 1.915641081798039880e-01 1.890345057920755634e-01 1.895129076892283493e-01 1.867582907710097218e-01 1.831907821077925491e-01 1.795726230078555086e-01 1.759591882635850868e-01 1.718842834234237393e-01 1.672740194931510715e-01 1.620777445620828761e-01 1.562438754463830459e-01 1.506961057396656312e-01 1.454458112546621606e-01 1.404879872427346466e-01 1.352255195793800602e-01
1.314285041343176974e-01 1.363289432876169660e-01 1.415259595709001395e-01 1.470130612702478246e-01 1.527687898635399499e-01 1.582865093938631562e-01 1.629805415868759155e-01 1.672740194931510715e-01 1.710907500800158132e-01 1.748997442409640779e-01 1.781412935552749988e-01 1.821275979381873911e-01 1.841921920499969001e-01 1.835786936952018555e-01 1.866289295273617643e-01 1.866289295273617643e-01 1.835786936952018555e-01 1.841921920499969001e-01 1.821275979381873911e-01 1.781412935552749988e-01 1.748997442409640779e-01 1.710907500800158132e-01 1.672740194931510715e-01 1.629805415868759155e-01 1.582865093938631562e-01 1.527687898635399499e-01 1.470130612702478246e-01 1.415259595709001395e-01 1.363289432876169660e-01 1.314285041343176974e-01
1.274423266956425937e-01 1.324807242337429081e-01 1.378049187076034465e-01 1.433914855749542361e-01 1.491835159652085685e-01 1.538793891668319702e-01 1.582865093938631562e-01 1.620777445620828761e-01 1.653282728873519403e-01 1.693836494009189897e-01 1.734036441109597093e-01 1.758504295199393164e-01 1.778277710192544825e-01 1.778474733850944345e-01 1.811631162812669116e-01 1.811631162812669116e-01 1.778474733850944345e-01 1.778277710192544825e-01 1.758504295199393164e-01 1.734036441109597093e-01 1.693836494009189897e-01 1.653282728873519403e-01 1.620777445620828761e-01 1.582865093938631562e-01 1.538793891668319702e-01 1.491835159652085685e-01 1.433914855749542361e-01 1.378049187076034465e-01 1.324807242337429081e-01 1.274423266956425937e-01
1.236753169392124235e-01 1.287661607416864529e-01 1.341175419970656590e-01 1.396972176830403312e-01 1.447536796331405917e-01 1.491835159652085685e-01 1.527687898635399499e-01 1.562438754463830459e-01 1.598662159150010531e-01 1.639216560407286971e-01 1.675079595991771086e-01 1.694885498220452535e-01 1.710945115560841001e-01 1.718292331304511478e-01 1.752549496073882163e-01 1.752549496073882163e-01 1.718292331304511478e-01 1.710945115560841001e-01 1.694885498220452535e-01 1.675079595991771086e-01 1.639216560407286971e-01 1.598662159150010531e-01 1.562438754463830459e-01 1.527687898635399499e-01 1.491835159652085685e-01 1.447536796331405917e-01 1.396972176830403312e-01 1.341175419970656590e-01 1.287661607416864529e-01 1.236753169392124235e-01
1.200146135407763881e-01 1.250851050718495283e-01 1.303881027471887333e-01 1.357508897781372070e-01 1.396972176830403312e-01 1.433914855749542361e-01 1.470130612702478246e-01 1.506961057396656312e-01 1.544626465680042915e-01 1.586713851381390261e-01 1.606609733329875389e-01 1.630241442939499574e-01 1.643095076273120014e-01 1.655509109921110833e-01 1.689905687079485130e-01 1.689905687079485130e-01 1.655509109921110833e-01 1.643095076273120014e-01 1.630241442939499574e-01 1.606609733329875389e-01 1.586713851381390261e-01 1.544626465680042915e-01 1.506961057396656312e-01 1.470130612702478246e-01 1.433914855749542361e-01 1.396972176830403312e-01 1.357508897781372070e-01 1.303881027471887333e-01 1.250851050718495283e-01 1.200146135407763881e-01
1.163992379595965437e-01 1.213954425326793513e-01 1.262112259864807129e-01 1.303881027471887333e-01 1.341175419970656590e-01 1.378049187076034465e-01 1.415259595709001395e-01 1.454458112546621606e-01 1.488226420136284922e-01 1.517413045730378329e-01 1.538014552915080158e-01 1.564597375899921539e-01 1.574656918844414000e-01 1.590585856810400045e-01 1.624520468349855140e-01 1.624520468349855140e-01 1.590585856810400045e-01 1.574656918844414000e-01 1.564597375899921539e-01 1.538014552915080158e-01 1.517413045730378329e-01 1.488226420136284922e-01 1.454458112546621606e-01 1.415259595709001395e-01 1.378049187076034465e-01 1.341175419970656590e-01 1.303881027471887333e-01 1.262112259864807129e-01 1.213954425326793513e-01 1.163992379595965437e-01
1.123588110602524309e-01 1.168266162276267867e-01 1.213954425326793513e-01 1.250851050718495283e-01 1.287661607416864529e-01 1.324807242337429081e-01 1.363289432876169660e-01 1.404879872427346466e-01 1.426805961726661243e-01 1.447085634205937110e-01 1.469466347197801448e-01 1.498142373218453727e-01 1.505772304370816272e-01 1.524064824322510781e-01 1.557161736470894786e-01 1.557161736470894786e-01 1.524064824322510781e-01 1.505772304370816272e-01 1.498142373218453727e-01 1.469466347197801448e-01 1.447085634205937110e-01 1.426805961726661243e-01 1.404879872427346466e-01 1.363289432876169660e-01 1.324807242337429081e-01 1.287661607416864529e-01 1.250851050718495283e-01 1.213954425326793513e-01 1.168266162276267867e-01 1.123588110602524309e-01
1.079493686556816101e-01 1.123588110602524309e-01 1.163992379595965437e-01 1.200146135407763881e-01 1.236753169392124235e-01 1.274423266956425937e-01 1.314285041343176974e-01 1.352255195793800602e-01 1.356604212744171034e-01 1.377401642787033365e-01 1.401162619176084534e-01 1.427142749785268450e-01 1.436063295618652536e-01 1.455402692030537959e-01 1.487266759334744393e-01 1.487266759334744393e-01 1.455402692030537959e-01 1.436063295618652536e-01 1.427142749785268450e-01 1.401162619176084534e-01 1.377401642787033365e-01 1.356604212744171034e-01 1.352255195793800602e-01 1.314285041343176974e-01 1.274423266956425937e-01 1.236753169392124235e-01 1.200146135407763881e-01 1.163992379595965437e-01 1.123588110602524309e-01 1.079493686556816101e-01
