1.392388658693469346e-02 1.425862050536213198e-02 1.459055884092484018e-02 1.491880469890318091e-02 1.522887328735755656e-02 1.553012434685011739e-02 1.570727906008464667e-02 1.603239293994497203e-02 1.635885312794564325e-02 1.684196795979741798e-02 1.731491275340964892e-02 1.803113838279303202e-02 1.892553076751016597e-02 2.002525110695262817e-02 2.129630165841649506e-02 2.129630165841649506e-02 2.002525110695262817e-02 1.892553076751016597e-02 1.803113838279303202e-02 1.731491275340964892e-02 1.684196795979741798e-02 1.635885312794564325e-02 1.603239293994497203e-02 1.570727906008464667e-02 1.553012434685011739e-02 1.522887328735755656e-02 1.491880469890318091e-02 1.459055884092484018e-02 1.425862050536213198e-02 1.392388658693469346e-02
1.425862050536213198e-02 1.469993864139777610e-02 1.501814477153358245e-02 1.532853240502766654e-02 1.562690033323212158e-02 1.589592285021005497e-02 1.613988601551180624e-02 1.643008395893190768e-02 1.671737383683221528e-02 1.702408072827314017e-02 1.758278573199633515e-02 1.818072459664555815e-02 1.908930422082800657e-02 2.028907876765217652e-02 2.160591975661421346e-02 2.160591975661421346e-02 2.028907876765217652e-02 1.908930422082800657e-02 1.818072459664555815e-02 1.758278573199633515e-02 1.702408072827314017e-02 1.671737383683221528e-02 1.643008395893190768e-02 1.613988601551180624e-02 1.589592285021005497e-02 1.562690033323212158e-02 1.532853240502766654e-02 1.501814477153358245e-02 1.469993864139777610e-02 1.425862050536213198e-02
1.459055884092484018e-02 1.501814477153358245e-02 1.541919261217117136e-02 1.578290875115341899e-02 1.608438189041591290e-02 1.633753008739073989e-02 1.656191836111873747e-02 1.678987480255505343e-02 1.698337612141231218e-02 1.728788186162128968e-02 1.771564566143516914e-02 1.834926508447011842e-02 1.922154789745391876e-02 2.041842695993702564e-02 2.188830140927345777e-02 2.188830140927345777e-02 2.041842695993702564e-02 1.922154789745391876e-02 1.834926508447011842e-02 1.771564566143516914e-02 1.728788186162128968e-02 1.698337612141231218e-02 1.678987480255505343e-02 1.656191836111873747e-02 1.633753008739073989e-02 1.608438189041591290e-02 1.578290875115341899e-02 1.541919261217117136e-02 1.501814477153358245e-02 1.459055884092484018e-02
1.491880469890318091e-02 1.532853240502766654e-02 1.578290875115341899e-02 1.620159198415125831e-02 1.655171112388931914e-02 1.681483631168441059e-02 1.702031925526025988e-02 1.720972483081103718e-02 1.735056554038271262e-02 1.755800722104091868e-02 1.789045789298199240e-02 1.842571705405496654e-02 1.926062260497269849e-02 2.055632104644444444e-02 2.212635191845250399e-02 2.212635191845250399e-02 2.055632104644444444e-02 1.926062260497269849e-02 1.842571705405496654e-02 1.789045789298199240e-02 1.755800722104091868e-02 1.735056554038271262e-02 1.720972483081103718e-02 1.702031925526025988e-02 1.681483631168441059e-02 1.655171112388931914e-02 1.620159198415125831e-02 1.578290875115341899e-02 1.532853240502766654e-02 1.491880469890318091e-02
1.522887328735755656e-02 1.562690033323212158e-02 1.608438189041591290e-02 1.655171112388931914e-02 1.697223633527756084e-02 1.731074027322826100e-02 1.753676998502174192e-02 1.767860602332175027e-02 1.776442949877340277e-02 1.790113906254217277e-02 1.809109012199067862e-02 1.851310251965047893e-02 1.931706724516243923e-02 2.056842626742846555e-02 2.229854015620326771e-02 2.229854015620326771e-02 2.056842626742846555e-02 1.931706724516243923e-02 1.851310251965047893e-02 1.809109012199067862e-02 1.790113906254217277e-02 1.776442949877340277e-02 1.767860602332175027e-02 1.753676998502174192e-02 1.731074027322826100e-02 1.697223633527756084e-02 1.655171112388931914e-02 1.608438189041591290e-02 1.562690033323212158e-02 1.522887328735755656e-02
1.553012434685011739e-02 1.589592285021005497e-02 1.633753008739073989e-02 1.681483631168441059e-02 1.731074027322826100e-02 1.773376831303020984e-02 1.804414053173392790e-02 1.828113188904969752e-02 1.823514761172670071e-02 1.826105534887921544e-02 1.834157730291382724e-02 1.860068783506034842e-02 1.931399481043991062e-02 2.056613504510110962e-02 2.239480654363284334e-02 2.239480654363284334e-02 2.056613504510110962e-02 1.931399481043991062e-02 1.860068783506034842e-02 1.834157730291382724e-02 1.826105534887921544e-02 1.823514761172670071e-02 1.828113188904969752e-02 1.804414053173392790e-02 1.773376831303020984e-02 1.731074027322826100e-02 1.681483631168441059e-02 1.633753008739073989e-02 1.589592285021005497e-02 1.553012434685011739e-02
1.570727906008464667e-02 1.613988601551180624e-02 1.656191836111873747e-02 1.702031925526025988e-02 1.753676998502174192e-02 1.804414053173392790e-02 1.850929249877404648e-02 1.877411720927321670e-02 1.886247185984094368e-02 1.880016536369860658e-02 1.864837908738686476e-02 1.871606252239019913e-02 1.922369159823390794e-02 2.044083829736197122e-02 2.244752788205767180e-02 2.244752788205767180e-02 2.044083829736197122e-02 1.922369159823390794e-02 1.871606252239019913e-02 1.864837908738686476e-02 1.880016536369860658e-02 1.886247185984094368e-02 1.877411720927321670e-02 1.850929249877404648e-02 1.804414053173392790e-02 1.753676998502174192e-02 1.702031925526025988e-02 1.656191836111873747e-02 1.613988601551180624e-02 1.570727906008464667e-02
1.603239293994497203e-02 1.643008395893190768e-02 1.678987480255505343e-02 1.720972483081103718e-02 1.767860602332175027e-02 1.828113188904969752e-02 1.877411720927321670e-02 1.922028167094330664e-02 1.942340052877987444e-02 1.942733715817484413e-02 1.914652189302503554e-02 1.891507296078603559e-02 1.916723774592750743e-02 2.023790059423466112e-02 2.236992109653031247e-02 2.236992109653031247e-02 2.023790059423466112e-02 1.916723774592750743e-02 1.891507296078603559e-02 1.914652189302503554e-02 1.942733715817484413e-02 1.942340052877987444e-02 1.922028097123662863e-02 1.877411720927321670e-02 1.828113188904969752e-02 1.767860602332175027e-02 1.720972483081103718e-02 1.678987480255505343e-02 1.643008395893190768e-02 1.603239293994497203e-02
1.639528231433394490e-02 1.671737383683221528e-02 1.698337612141231218e-02 1.735056554038271262e-02 1.782530631584932496e-02 1.823514761172670071e-02 1.886247185984094368e-02 1.942340052877987444e-02 1.983449049293994557e-02 2.001755222891541189e-02 1.990666903557153020e-02 1.934439827204478823e-02 1.917414656512717031e-02 1.998912323103057415e-02 2.220764843934896690e-02 2.220764843934896690e-02 1.998912323103057415e-02 1.917414656512717031e-02 1.934439827204478823e-02 1.990666903557153020e-02 2.001755222891541189e-02 1.983449049293994557e-02 1.942340052877987444e-02 1.886247185984094368e-02 1.823514761172670071e-02 1.782530631584932496e-02 1.735056554038271262e-02 1.698337612141231218e-02 1.671737383683221528e-02 1.639528231433394490e-02
1.684196795979741798e-02 1.702408072827314017e-02 1.728788186162128968e-02 1.755800722104091868e-02 1.790113906254217277e-02 1.826105534887921544e-02 1.872715262533612354e-02 1.942733715817484413e-02 1.999256259214104298e-02 5.328675456439797951e-07 2.051559327646302472e-02 2.014981845315925654e-02 1.937199255614632104e-02 1.971191757903768133e-02 2.191439725972381056e-02 2.191439725972381056e-02 1.971191757903768133e-02 1.937199255614632104e-02 2.014981845315925654e-02 2.051559327646302472e-02 2.042410517376668302e-02 1.996987617376373703e-02 1.942733715817484413e-02 1.870273944217258968e-02 1.826105534887921544e-02 1.790113906254217277e-02 1.755800722104091868e-02 1.728788186162128968e-02 1.702408072827314017e-02 1.684196795979741798e-02
1.731491275340964892e-02 1.758278573199633515e-02 1.771564566143516914e-02 1.789169920124024718e-02 1.808929581194828468e-02 1.834016754096131491e-02 1.865447373928134575e-02 1.912362572059926255e-02 1.984123074715961332e-02 2.051075870625880884e-02 2.095069195489194028e-02 2.090937812195367215e-02 2.018878548922637545e-02 1.927743388823944387e-02 2.146199824707373943e-02 2.146199824707373943e-02 1.927743388823944387e-02 2.018878548922637545e-02 2.090937812195367215e-02 2.106298192761218643e-02 2.050026775798693968e-02 1.982009820563507274e-02 1.911389532015924514e-02 1.865447373928134575e-02 1.834016754096131491e-02 1.808929581194828468e-02 1.789169920124024718e-02 1.771564566143516914e-02 1.758278573199633515e-02 1.731491275340964892e-02
1.801403261594893002e-02 1.818072459664555815e-02 1.831865912777722039e-02 1.842571705405496654e-02 1.856134546652811121e-02 1.865806689367385113e-02 1.871592301702110217e-02 1.892584440409193769e-02 1.934989418723016830e-02 2.013242064478106344e-02 2.088916040511885550e-02 2.136664716647369497e-02 2.111806005675586143e-02 1.979424191672934930e-02 2.080795331671266013e-02 2.080795331671266013e-02 1.979424191672934930e-02 2.111806005675586143e-02 2.139297315785568254e-02 2.086328131151314949e-02 2.011230152057192147e-02 1.934989418723016830e-02 1.888063248614194403e-02 1.871592301702110217e-02 1.865806689367385113e-02 1.856134546652811121e-02 1.842571705405496654e-02 1.831865912777722039e-02 1.818072459664555815e-02 1.801403261594893002e-02
1.892553076751016597e-02 1.908930422082800657e-02 1.922154789745391876e-02 1.926062260497269849e-02 1.931406138229670166e-02 1.934771496616728009e-02 1.924465513560500232e-02 1.919354888102865059e-02 1.913767785185071374e-02 1.932827028774347644e-02 2.014365400473487611e-02 2.116950642625625365e-02 2.176822947830489921e-02 2.089312243852842893e-02 2.002998220697679507e-02 2.002998220697679507e-02 2.089226864249301222e-02 2.176822947830489921e-02 2.116950642625625365e-02 2.014365400473487611e-02 1.936337110779985313e-02 1.913767785185071374e-02 1.919354888102865059e-02 1.924465513560500232e-02 1.934771496616728009e-02 1.931406138229670166e-02 1.926062260497269849e-02 1.922154789745391876e-02 1.908930422082800657e-02 1.892553076751016597e-02
2.002525110695262817e-02 2.028907876765217652e-02 2.041842695993702564e-02 2.055632104644444444e-02 2.056842626742846555e-02 2.056613504510110962e-02 2.043607972221056848e-02 2.021113061827010948e-02 1.996671455462203579e-02 1.960705647691478662e-02 1.935804144742615807e-02 1.981115394891152723e-02 2.085615999825382247e-02 2.201184996750469788e-02 1.979504078352407187e-02 1.980206215547967996e-02 2.201184996750469788e-02 2.085615999825382247e-02 1.981115394891152723e-02 1.935804144742615807e-02 1.960705647691478662e-02 1.996671455462203579e-02 2.021113061827010948e-02 2.043607972221056848e-02 2.056613504510110962e-02 2.056842626742846555e-02 2.055632104644444444e-02 2.041842695993702564e-02 2.028907876765217652e-02 2.002525110695262817e-02
2.129630165841649506e-02 2.160591975661421346e-02 2.188830140927345777e-02 2.212635191845250399e-02 2.229854015620326771e-02 2.239480654363284334e-02 2.244752788205767180e-02 2.236992109653031247e-02 2.220764843934896690e-02 2.190007599364251351e-02 2.144189395999631861e-02 2.078939269019118921e-02 2.006121145134780528e-02 1.976894030815558659e-02 2.070434976793239165e-02 2.080541292550563276e-02 1.976629056979538335e-02 2.004788283902287846e-02 2.080762621496946851e-02 2.139386051436199115e-02 2.185683031935030385e-02 2.220764843934896690e-02 2.236992109653031247e-02 2.244752788205767180e-02 2.239480654363284334e-02 2.229854015620326771e-02 2.212635191845250399e-02 2.188830140927345777e-02 2.160591975661421346e-02 2.129630165841649506e-02
2.129630165841649506e-02 2.160591975661421346e-02 2.188830140927345777e-02 2.212635191845250399e-02 2.229854015620326771e-02 2.239480654363284334e-02 2.244752788205767180e-02 2.236992109653031247e-02 2.220764843934896690e-02 2.191439725972381056e-02 2.132368462660595015e-02 2.075936435417491052e-02 1.991549432878976164e-02 1.782651890754273841e-02 2.079891777242029449e-02 2.085734896447149697e-02 1.979925994632249567e-02 1.991171258090426027e-02 2.076743138325545801e-02 2.132581402466712100e-02 2.191439725972381056e-02 2.220764843934896690e-02 2.236992109653031247e-02 2.244752788205767180e-02 2.239480654363284334e-02 2.229854015620326771e-02 2.212635191845250399e-02 2.188830140927345777e-02 2.160591975661421346e-02 2.129630165841649506e-02
2.002525110695262817e-02 2.028907876765217652e-02 2.041842695993702564e-02 2.051886869885273523e-02 2.051029184333667474e-02 2.052217175767669793e-02 2.044083829736197122e-02 2.023790059423466112e-02 1.993419882661002715e-02 1.957953473926219226e-02 1.924258984676555789e-02 1.978588021299525906e-02 2.085153980360792206e-02 2.202702921881127124e-02 1.980315247251454580e-02 1.979105695393648320e-02 2.201451173650988136e-02 2.094080605273335866e-02 1.977145420516349811e-02 1.922703807423142494e-02 1.958847887963421561e-02 1.993799900118857146e-02 2.023790059423466112e-02 2.044083829736197122e-02 2.053972198516242770e-02 2.051526044756812536e-02 2.048380759673067500e-02 2.041842695993702564e-02 2.028907876765217652e-02 2.002525110695262817e-02
1.892553076751016597e-02 1.908930422082800657e-02 1.922154789745391876e-02 1.926248543463619789e-02 1.931193192515770138e-02 1.928997657337150340e-02 1.918555511212353265e-02 1.914979726104323182e-02 1.913132399546981985e-02 1.937199255614632104e-02 2.013522935005538847e-02 2.110965076179215083e-02 2.175246431694011218e-02 2.085099049396134732e-02 2.012142149572258842e-02 2.012588501556585377e-02 2.086184848989725352e-02 2.175492708227240446e-02 2.110965076179215083e-02 2.010958754186674413e-02 1.937199255614632104e-02 1.913295875879123670e-02 1.921183914874796325e-02 1.918748690311315036e-02 1.923836547162385835e-02 1.937338879975943756e-02 1.932217012056495001e-02 1.922154789745391876e-02 1.908930422082800657e-02 1.892553076751016597e-02
1.803113838279303202e-02 1.818072459664555815e-02 1.834926508447011842e-02 1.842571705405496654e-02 1.851310251965047893e-02 1.860068783506034842e-02 1.871606252239019913e-02 1.891507296078603559e-02 1.934439827204478823e-02 2.014981845315925654e-02 2.090937812195367215e-02 2.139827248121222922e-02 2.107053497746809792e-02 1.978586299531004053e-02 2.075993313802742754e-02 2.078419114759796210e-02 1.979132606054803678e-02 2.108109272862277242e-02 2.137566179263274829e-02 2.090937812195367215e-02 2.014981845315925654e-02 1.934439827204478823e-02 1.891507296078603559e-02 1.871606252239019913e-02 1.860068783506034842e-02 1.851310251965047893e-02 1.842571705405496654e-02 1.834926508447011842e-02 1.818072459664555815e-02 1.803113838279303202e-02
1.731491275340964892e-02 1.758278573199633515e-02 1.771564566143516914e-02 1.789045789298199240e-02 1.809109012199067862e-02 1.834157730291382724e-02 1.864837908738686476e-02 1.914652189302503554e-02 1.990666903557153020e-02 2.051559327646302472e-02 2.096617978879097496e-02 2.086101252687597163e-02 2.012837962381367266e-02 1.929194224540048408e-02 2.135257910477332891e-02 2.134541852025587452e-02 1.928942717904491913e-02 2.014024513360205410e-02 2.083229799572356225e-02 2.096006102882857353e-02 2.051559327646302472e-02 1.990666903557153020e-02 1.914652189302503554e-02 1.864837908738686476e-02 1.834157730291382724e-02 1.809109012199067862e-02 1.789045789298199240e-02 1.771564566143516914e-02 1.758278573199633515e-02 1.731491275340964892e-02
1.684196795979741798e-02 1.702408072827314017e-02 1.728788186162128968e-02 1.755800722104091868e-02 1.790453843071884016e-02 1.826105534887921544e-02 1.880016536369860658e-02 1.942733715817484413e-02 2.001755222891541189e-02 2.043514336917862106e-02 2.051559327646302472e-02 2.018534092249203021e-02 1.931954274512534542e-02 1.964239741187817287e-02 2.190768546936007130e-02 2.190752564065994237e-02 1.961948823211966120e-02 1.937099472278807841e-02 2.013498282726642469e-02 2.051814052182155887e-02 1.569516960886026280e-08 2.001755222891541189e-02 1.942733715817484413e-02 1.880016536369860658e-02 1.826105534887921544e-02 1.790453843071884016e-02 1.755800722104091868e-02 1.728788186162128968e-02 1.702408072827314017e-02 1.684196795979741798e-02
1.635885312794564325e-02 1.671737383683221528e-02 1.698337612141231218e-02 1.735056554038271262e-02 1.776442949877340277e-02 1.823514761172670071e-02 1.886247185984094368e-02 1.942340052877987444e-02 1.983449049293994557e-02 2.001755222891541189e-02 1.980885724595906477e-02 1.934952511706913153e-02 1.911795318293201679e-02 2.004004152608929515e-02 2.220764843934896690e-02 2.220764843934896690e-02 1.994744341671250698e-02 1.912656293109112754e-02 1.934952511706913153e-02 1.980344048017800701e-02 2.000045416399397896e-02 1.983449049293994557e-02 1.942340052877987444e-02 1.886247185984094368e-02 1.823514761172670071e-02 1.776442949877340277e-02 1.735056554038271262e-02 1.698337612141231218e-02 1.671737383683221528e-02 1.635885312794564325e-02
1.603239293994497203e-02 1.643008395893190768e-02 1.678987480255505343e-02 1.720972483081103718e-02 1.767860602332175027e-02 1.828113188904969752e-02 1.877411720927321670e-02 1.922028097123662863e-02 1.942340052877987444e-02 1.942733715817484413e-02 1.916606211500770929e-02 1.889219178586300923e-02 1.919310967161841699e-02 2.021113061827010948e-02 2.236992109653031247e-02 2.236992109653031247e-02 2.021113061827010948e-02 1.926397638161806217e-02 1.892584440409193769e-02 1.916606211500770929e-02 1.942733715817484413e-02 1.942340052877987444e-02 nan 1.877411720927321670e-02 1.828113188904969752e-02 1.767860602332175027e-02 1.720972483081103718e-02 1.678987480255505343e-02 1.643008395893190768e-02 1.603239293994497203e-02
1.570727906008464667e-02 1.613988601551180624e-02 1.656191836111873747e-02 1.702031925526025988e-02 1.753676998502174192e-02 1.804414053173392790e-02 1.850929249877404648e-02 1.877411720927321670e-02 1.886247185984094368e-02 1.879216490216016611e-02 1.865447373928134575e-02 1.871592301702110217e-02 1.921332217509417323e-02 2.043607972221056848e-02 2.244752788205767180e-02 2.244752788205767180e-02 2.043607972221056848e-02 1.920771577407137665e-02 1.871592301702110217e-02 1.865447373928134575e-02 1.873359367793973537e-02 1.886247185984094368e-02 1.877411720927321670e-02 1.850929249877404648e-02 1.804414053173392790e-02 1.753676998502174192e-02 1.702031925526025988e-02 1.656191836111873747e-02 1.613988601551180624e-02 1.570727906008464667e-02
1.553012434685011739e-02 1.589592285021005497e-02 1.633753008739073989e-02 1.681483631168441059e-02 1.731074027322826100e-02 1.773376831303020984e-02 1.804414053173392790e-02 1.828113188904969752e-02 1.823514761172670071e-02 1.826105534887921544e-02 1.834016754096131491e-02 1.865806689367385113e-02 1.931715501703405724e-02 2.050038553925682960e-02 2.239480654363284334e-02 2.239480654363284334e-02 2.052451413747688122e-02 1.932755508491534185e-02 1.865806689367385113e-02 1.834016754096131491e-02 1.826105534887921544e-02 1.823514761172670071e-02 1.828113188904969752e-02 1.804414053173392790e-02 1.773376831303020984e-02 1.731074027322826100e-02 1.681483631168441059e-02 1.633753008739073989e-02 1.589592285021005497e-02 1.553012434685011739e-02
1.522887328735755656e-02 1.562690033323212158e-02 1.608438189041591290e-02 1.655171112388931914e-02 1.697223633527756084e-02 1.731074027322826100e-02 1.753676998502174192e-02 1.767860602332175027e-02 1.782530631584932496e-02 1.790453843071884016e-02 1.808929581194828468e-02 1.856134546652811121e-02 1.926982448034908479e-02 2.057084962556052568e-02 2.229854015620326771e-02 2.229854015620326771e-02 2.056882699165682102e-02 1.929449180783628440e-02 1.856134546652811121e-02 1.808929581194828468e-02 1.790453843071884016e-02 1.782530631584932496e-02 1.767860602332175027e-02 1.753676998502174192e-02 1.731074027322826100e-02 1.697223633527756084e-02 1.655171112388931914e-02 1.608438189041591290e-02 1.562690033323212158e-02 1.522887328735755656e-02
1.491880469890318091e-02 1.532853240502766654e-02 1.578290875115341899e-02 1.620159198415125831e-02 1.655171112388931914e-02 1.681483631168441059e-02 1.702031925526025988e-02 1.720972483081103718e-02 1.735056554038271262e-02 1.755800722104091868e-02 1.789169920124024718e-02 1.842571705405496654e-02 1.925597548308173937e-02 2.052268117401358921e-02 2.212635191845250399e-02 2.212635191845250399e-02 2.050644711451886024e-02 1.923557646307937075e-02 1.842571705405496654e-02 1.789169920124024718e-02 1.755800722104091868e-02 1.735056554038271262e-02 1.720972483081103718e-02 1.702031925526025988e-02 1.681483631168441059e-02 1.655171112388931914e-02 1.620159198415125831e-02 1.578290875115341899e-02 1.532853240502766654e-02 1.491880469890318091e-02
1.459055884092484018e-02 1.501814477153358245e-02 1.541919261217117136e-02 1.578290875115341899e-02 1.608438189041591290e-02 1.633753008739073989e-02 1.656191836111873747e-02 1.678987480255505343e-02 1.698337612141231218e-02 1.728788186162128968e-02 1.771564566143516914e-02 1.831865912777722039e-02 1.922154789745391876e-02 2.041842695993702564e-02 2.188830140927345777e-02 2.188830140927345777e-02 2.041842695993702564e-02 1.922154789745391876e-02 1.831865912777722039e-02 1.771564566143516914e-02 1.728788186162128968e-02 1.698337612141231218e-02 1.678987480255505343e-02 1.656191836111873747e-02 1.633753008739073989e-02 1.608438189041591290e-02 1.578290875115341899e-02 1.541919261217117136e-02 1.501814477153358245e-02 1.459055884092484018e-02
1.425862050536213198e-02 1.469993864139777610e-02 1.501814477153358245e-02 1.532853240502766654e-02 1.562690033323212158e-02 1.589592285021005497e-02 1.613988601551180624e-02 1.643008395893190768e-02 1.671737383683221528e-02 1.702408072827314017e-02 1.758278573199633515e-02 1.818072459664555815e-02 1.908930422082800657e-02 2.028907876765217652e-02 2.160591975661421346e-02 2.160591975661421346e-02 2.028907876765217652e-02 1.908930422082800657e-02 1.818072459664555815e-02 1.758278573199633515e-02 1.702408072827314017e-02 1.671737383683221528e-02 1.643008395893190768e-02 1.613988601551180624e-02 1.589592285021005497e-02 1.562690033323212158e-02 1.532853240502766654e-02 1.501814477153358245e-02 1.469993864139777610e-02 1.425862050536213198e-02
1.392388658693469346e-02 1.425862050536213198e-02 1.459055884092484018e-02 1.491880469890318091e-02 1.522887328735755656e-02 1.553012434685011739e-02 1.570727906008464667e-02 1.603239293994497203e-02 1.639528231433394490e-02 1.684196795979741798e-02 1.731491275340964892e-02 1.801403261594893002e-02 1.892553076751016597e-02 2.002525110695262817e-02 2.129630165841649506e-02 2.129630165841649506e-02 2.002525110695262817e-02 1.892553076751016597e-02 1.801403261594893002e-02 1.731491275340964892e-02 1.684196795979741798e-02 1.639528231433394490e-02 1.603239293994497203e-02 1.570727906008464667e-02 1.553012434685011739e-02 1.522887328735755656e-02 1.491880469890318091e-02 1.459055884092484018e-02 1.425862050536213198e-02 1.392388658693469346e-02
