1.392406939157544467e-02 1.435030464440410249e-02 1.471891676369648308e-02 1.507702366464013823e-02 1.511464696443675683e-02 1.567121595306157633e-02 1.583077186945923420e-02 1.571268328901749556e-02 1.634064370134278091e-02 1.688372360263440744e-02 1.751986785061947563e-02 1.827459531664270970e-02 1.950430337087831131e-02 2.140036809656575140e-02 2.159755720344416763e-02 2.159755720344416763e-02 2.140036809656575140e-02 1.950430337087831131e-02 1.827459531664270970e-02 1.751986785061947563e-02 1.688372360263440744e-02 1.634064370134278091e-02 1.571268328901749556e-02 1.583077186945923420e-02 1.567121595306157633e-02 1.511464696443675683e-02 1.507702366464013823e-02 1.471891676369648308e-02 1.435030464440410249e-02 1.392406939157544467e-02
1.435030464440410249e-02 1.476888578145848889e-02 1.528952195621086259e-02 1.559065886533208579e-02 1.542130470506268732e-02 1.602836645066722104e-02 1.624090617397132286e-02 1.645670989978435805e-02 1.660785749662043592e-02 1.775705951649980685e-02 1.762069344731407444e-02 1.792052967221955534e-02 1.950895321759735929e-02 2.127366105346497477e-02 2.163729361567721596e-02 2.209859141511722261e-02 2.095416708443072207e-02 1.858491195586739128e-02 1.841840891999426549e-02 1.762069344731407444e-02 1.775705951649980685e-02 1.660785749662043592e-02 1.645670989978435805e-02 1.613700199519674597e-02 1.602836645066722104e-02 1.542130470506268732e-02 1.559065886533208579e-02 1.528952195621086259e-02 1.476888578145848889e-02 1.435030464440410249e-02
1.471891676369648308e-02 1.528952195621086259e-02 1.583436061142197773e-02 1.670552820225602864e-02 1.659896909542335833e-02 1.660276264185728615e-02 1.663123421140873248e-02 1.747440372821998031e-02 1.678760370923420772e-02 1.758438248132035767e-02 1.783748427699941366e-02 1.835249390400012920e-02 1.902951499798382143e-02 2.081060506194397711e-02 2.264460815844097225e-02 2.226322133387490312e-02 2.081060506194397711e-02 1.902951499798382143e-02 1.835249390400012920e-02 1.783748427699941366e-02 1.758438248132035767e-02 1.678760370923420772e-02 1.747440372821998031e-02 1.663123421140873248e-02 1.660276264185728615e-02 1.659896909542335833e-02 1.670552820225602864e-02 1.583436061142197773e-02 1.528952195621086259e-02 1.471891676369648308e-02
1.507702366464013823e-02 1.559065886533208579e-02 1.670552820225602864e-02 1.679658502281335813e-02 1.700147591674732936e-02 1.684342511869045544e-02 1.700758000773522349e-02 1.726235577569965735e-02 1.793437579926349806e-02 1.787317834310062081e-02 1.798661804898067998e-02 1.881546433159604972e-02 1.939530671097697626e-02 2.082297271614897208e-02 2.246793180281187602e-02 2.234412250557190477e-02 2.082297271614897208e-02 1.939530671097697626e-02 1.881546433159604972e-02 1.798661804898067998e-02 1.787317834310062081e-02 1.793437579926349806e-02 1.726235577569965735e-02 1.700758000773522349e-02 1.684342511869045544e-02 1.700147591674732936e-02 1.679658502281335813e-02 1.670552820225602864e-02 1.559065886533208579e-02 1.507702366464013823e-02
1.511464696443675683e-02 1.542130470506268732e-02 1.659896909542335833e-02 1.700147591674732936e-02 1.621746458113193512e-02 1.706718088862542795e-02 1.763361679222339579e-02 1.783937988230864177e-02 1.808235622686277938e-02 1.812049586151645228e-02 1.816005648973028838e-02 1.896864536801689399e-02 1.937479490638585600e-02 2.143824846882763646e-02 2.220140579255775945e-02 2.220140579255775945e-02 2.141792830560814917e-02 1.937479490638585600e-02 1.896864536801689399e-02 1.816005648973028838e-02 1.812049586151645228e-02 1.808235622686277938e-02 1.783937988230864177e-02 1.763361679222339579e-02 1.706718088862542795e-02 1.621746458113193512e-02 1.700147591674732936e-02 1.659896909542335833e-02 1.542130470506268732e-02 1.511464696443675683e-02
1.567121595306157633e-02 1.602836645066722104e-02 1.660276264185728615e-02 1.684342511869045544e-02 1.706718088862542795e-02 1.746376603841781616e-02 1.823026775861635862e-02 1.826075492393975166e-02 1.826939048312958142e-02 1.918350379704330741e-02 1.821992004609473970e-02 1.859616845786987369e-02 1.976028936219561757e-02 2.172563068241766676e-02 2.259711680780933721e-02 2.259711680780933721e-02 2.172563068241766676e-02 1.976028936219561757e-02 1.859616845786987369e-02 1.821992004609473970e-02 1.918350379704330741e-02 1.826939048312958142e-02 1.826075492393975166e-02 1.823026775861635862e-02 1.746376603841781616e-02 1.706718088862542795e-02 1.684342511869045544e-02 1.660276264185728615e-02 1.602836645066722104e-02 1.567121595306157633e-02
1.583077186945923420e-02 1.624090617397132286e-02 1.663123421140873248e-02 1.700758000773522349e-02 1.763361679222339579e-02 1.823026775861635862e-02 1.842265948653221130e-02 1.919253768039541966e-02 1.898404558540147183e-02 1.990212754383868105e-02 1.933875266056666459e-02 1.876417987832615028e-02 1.945172185723529137e-02 2.157595239656765959e-02 2.302451906444926213e-02 2.302451906444926213e-02 2.157595239656765959e-02 1.945172185723529137e-02 1.876417987832615028e-02 2.026083843579975716e-02 1.990212754383868105e-02 1.898404558540147183e-02 1.919253768039541966e-02 1.842265948653221130e-02 1.823026775861635862e-02 1.763361679222339579e-02 1.700758000773522349e-02 1.663123421140873248e-02 1.624090617397132286e-02 1.583077186945923420e-02
1.571268328901749556e-02 1.645670989978435805e-02 1.747440372821998031e-02 1.726235577569965735e-02 1.783937988230864177e-02 1.826075492393975166e-02 1.919261894189900827e-02 1.920104147860129257e-02 1.897814975014216685e-02 1.961902987501610088e-02 1.955513339646818005e-02 1.938945287877368376e-02 1.946400203023663372e-02 2.084281150044850484e-02 2.280872980598281849e-02 2.280872980598281849e-02 2.109525491962242066e-02 1.946400203023663372e-02 1.945714113376982579e-02 1.951476717031337682e-02 1.992266439555324606e-02 1.946344528110703631e-02 1.920104147860129257e-02 1.919261894189900827e-02 1.826075492393975166e-02 1.783937988230864177e-02 1.726235577569965735e-02 1.747440372821998031e-02 1.645670989978435805e-02 1.571268328901749556e-02
1.634064370134278091e-02 1.660785749662043592e-02 1.678760370923420772e-02 1.793437579926349806e-02 1.808235622686277938e-02 1.840668619766066064e-02 1.941046275999259302e-02 1.930670430600690476e-02 2.096807336001379335e-02 2.066617168330495830e-02 2.003744359773709099e-02 1.990712482939857239e-02 1.943529148768863984e-02 2.110691012276450992e-02 2.265012301038164463e-02 2.265012301038164463e-02 2.073096294725805186e-02 1.965937352666369958e-02 1.948470213409150137e-02 1.983344848497158378e-02 2.086124617810667173e-02 2.000426195977027949e-02 1.893537763099880158e-02 1.941046275999259302e-02 1.840668619766066064e-02 1.808235622686277938e-02 1.793437579926349806e-02 1.678760370923420772e-02 1.660785749662043592e-02 1.634064370134278091e-02
1.688372360263440744e-02 1.775705951649980685e-02 1.758438248132035767e-02 1.787317834310062081e-02 1.812049586151645228e-02 1.866462254426114534e-02 1.893329059643075046e-02 1.905193883127899446e-02 2.092397865224539938e-02 2.041327587158183951e-02 2.027222154416448083e-02 1.991550587859593560e-02 1.946558224714469224e-02 2.066011106681893070e-02 2.199876652683781936e-02 2.227330833903096163e-02 2.104508629749362800e-02 2.014419370815626747e-02 1.990633862566488360e-02 2.027222154416448083e-02 2.041327587158183951e-02 2.034389335164210610e-02 1.968303709336627350e-02 1.920277956834290020e-02 1.842516569514026162e-02 1.812049586151645228e-02 1.787317834310062081e-02 1.758438248132035767e-02 1.775705951649980685e-02 1.688372360263440744e-02
1.751986785061947563e-02 1.762069344731407444e-02 1.783748427699941366e-02 1.798661804898067998e-02 1.832199937873570106e-02 1.854992805140135911e-02 1.876645113029395268e-02 1.971828908052897233e-02 2.079495936067130360e-02 2.036781943583240717e-02 2.204322257503626287e-02 2.089559332276501313e-02 2.039658341397099228e-02 2.034414960506687742e-02 2.150688357589902386e-02 2.101955434769985781e-02 2.045789456955934837e-02 2.017834970225946406e-02 2.121403906190529390e-02 2.204219314345539846e-02 2.036781943583240717e-02 2.027705113379593693e-02 1.986331051780827403e-02 1.918498323183408585e-02 1.795955760608981822e-02 1.837329861203778822e-02 1.798661804898067998e-02 1.783748427699941366e-02 1.762069344731407444e-02 1.751986785061947563e-02
1.827459531664270970e-02 1.792052967221955534e-02 1.835249390400012920e-02 1.881546433159604972e-02 1.896864536801689399e-02 1.861030562977102759e-02 1.901322619273477024e-02 1.944099564126363158e-02 1.972084021545720753e-02 1.991550587859593560e-02 2.096442730759172021e-02 2.229838981610174700e-02 2.116623969665374153e-02 2.040992231425668019e-02 2.131401885058034629e-02 2.059408076373246688e-02 1.978482801694403728e-02 2.116623969665374153e-02 2.229639822547136233e-02 2.096442730759172021e-02 1.991550587859593560e-02 2.061867202271110144e-02 1.959456615443173205e-02 1.886357879623824438e-02 1.861030562977102759e-02 1.896864536801689399e-02 1.881546433159604972e-02 1.835249390400012920e-02 1.792052967221955534e-02 1.827459531664270970e-02
1.950430337087831131e-02 1.950895321759735929e-02 1.902951499798382143e-02 1.939530671097697626e-02 1.970075954986851355e-02 2.014747618351794139e-02 1.976795015149349771e-02 1.940713087294854838e-02 1.957995950468928784e-02 2.015458860267040422e-02 2.039658341397099228e-02 2.116584563773833347e-02 4.302964080125093460e-04 2.200519140163031268e-02 1.445848560539635119e-02 1.862846026710941044e-02 2.150898391832031797e-02 2.209535742601988206e-02 2.116584563773833347e-02 2.039658341397099228e-02 2.015458860267040422e-02 1.914130275144550197e-02 1.940713087294854838e-02 1.974359127224233068e-02 2.014747618351794139e-02 1.970075954986851355e-02 1.939530671097697626e-02 1.902951499798382143e-02 1.950895321759735929e-02 1.950430337087831131e-02
2.092310227590112037e-02 2.127366105346497477e-02 2.084232443347232636e-02 2.084392759877385509e-02 2.169296156160658434e-02 2.171359710013578276e-02 2.156820886171413945e-02 2.075842833630304335e-02 2.054252126540721812e-02 2.064354067300756823e-02 1.989106460833269321e-02 1.864669875652691725e-02 2.150898391832031797e-02 2.179768780673090045e-02 1.476771318854830199e-02 1.917906959730420260e-02 2.207024420663878175e-02 2.150898391832031797e-02 1.982169456074323044e-02 1.989106460833269321e-02 2.064354067300756823e-02 2.064346521885662006e-02 2.081648832672943622e-02 2.156820886171413945e-02 2.171359710013578276e-02 2.169296156160658434e-02 2.084392759877385509e-02 2.084232443347232636e-02 2.127366105346497477e-02 2.092310227590112037e-02
2.159755720344416763e-02 2.163729361567721596e-02 2.264460815844097225e-02 2.246793180281187602e-02 2.228184610066167096e-02 2.222367650693523461e-02 2.302451906444926213e-02 2.280872980598281849e-02 2.265012301038164463e-02 2.211334055703467055e-02 9.799452964216468550e-04 2.124144705704033090e-02 1.989599356540693725e-02 1.997077590044246329e-02 1.260528292985256624e-03 5.521331640177130039e-03 2.033632958766846272e-02 2.014184875668338648e-02 2.005449310373993987e-02 9.363780845887959003e-04 2.204627176172603564e-02 2.265012301038164463e-02 2.280872980598281849e-02 2.302451906444926213e-02 2.271386897652302034e-02 2.228184610066167096e-02 2.246793180281187602e-02 2.264460815844097225e-02 2.163729361567721596e-02 2.159755720344416763e-02
2.159755720344416763e-02 2.209859141511722261e-02 2.226322133387490312e-02 2.234412250557190477e-02 2.157800383282642079e-02 2.197346541745688955e-02 2.302451906444926213e-02 2.280872980598281849e-02 2.346758272907318796e-02 2.378700816764299161e-02 2.094984431700991703e-02 2.151548446055704181e-02 1.790286780069426376e-02 1.982291438507838982e-02 7.391840005251880744e-03 1.181226999800932646e-02 1.983983636029839140e-02 1.947354059666395187e-03 2.071583681326296528e-02 2.126514921154619778e-02 2.358824844450137237e-02 2.298043175288659243e-02 2.280872980598281849e-02 2.302451906444926213e-02 2.201772108731321967e-02 2.177171633002583304e-02 2.234412250557190477e-02 2.226322133387490312e-02 2.209859141511722261e-02 2.159755720344416763e-02
2.140036809656575140e-02 2.095416708443072207e-02 2.115068022231375230e-02 2.104510338259834440e-02 2.177220815992196579e-02 2.137985942996361785e-02 2.157595239656765959e-02 2.139970183212284993e-02 2.109372282538400992e-02 2.037928103577241884e-02 2.034414960506687742e-02 2.072735635727723444e-02 2.194929308292142486e-02 2.141070950319602650e-02 2.030352429118276181e-02 1.946670311918195437e-02 5.018599331378936768e-04 1.762213403140786699e-02 2.032760645551866252e-02 2.014264699688045335e-02 1.973860697104055581e-02 2.109146805048704026e-02 2.078287944066771822e-02 2.157595239656765959e-02 2.139906872666910709e-02 2.145610842521752937e-02 2.098387330848144883e-02 2.154318198703440018e-02 2.095416708443072207e-02 2.140036809656575140e-02
1.950430337087831131e-02 1.858491195586739128e-02 1.898049811232274328e-02 1.925339483914424721e-02 1.937479490638585600e-02 1.976028936219561757e-02 1.945172185723529137e-02 1.946400203023663372e-02 1.958482230795305368e-02 1.940763400705683428e-02 2.056774730205732440e-02 2.116623969665374153e-02 2.172244093619844774e-02 2.146080804626732813e-02 3.300476528238505125e-04 1.984302792215896991e-02 2.073257339199552005e-02 4.227017052471637726e-04 2.116623969665374153e-02 2.049521082514986145e-02 1.923085894633470155e-02 1.931938152136020853e-02 1.946400203023663372e-02 1.945172185723529137e-02 1.976028936219561757e-02 1.937479490638585600e-02 1.925339483914424721e-02 1.898049811232274328e-02 1.858491195586739128e-02 1.950430337087831131e-02
1.827459531664270970e-02 1.883662419088205642e-02 1.872231823735205289e-02 1.847720457132258354e-02 1.898836296155800504e-02 1.859616845786987369e-02 1.876417987832615028e-02 1.900886957357979246e-02 1.949042488859413155e-02 1.990633862566488360e-02 2.121403906190529390e-02 2.183187666262385168e-02 2.108004352874039491e-02 2.066328628635512310e-02 1.745712938123157240e-02 1.477819347025500531e-02 2.053528321488383435e-02 2.108004352874039491e-02 2.183187666262385168e-02 2.142390885374794232e-02 1.990633862566488360e-02 1.950596723778531480e-02 1.889541960266419643e-02 1.876417987832615028e-02 1.859616845786987369e-02 1.898836296155800504e-02 1.847720457132258354e-02 1.872231823735205289e-02 1.883662419088205642e-02 1.827459531664270970e-02
1.751986785061947563e-02 1.762069344731407444e-02 1.783748427699941366e-02 1.799086493837261103e-02 1.816005648973028838e-02 1.821992004609473970e-02 1.928326808795889982e-02 1.961596070972162348e-02 2.064052110217414956e-02 2.027222154416448083e-02 2.204219314345539846e-02 2.096442730759172021e-02 2.049521082514986145e-02 1.989106460833269321e-02 2.108511752969191577e-02 2.176679850761056162e-02 1.989106460833269321e-02 2.049521082514986145e-02 2.121403906190529390e-02 2.149835376633428205e-02 2.038877119940098528e-02 2.052550248314242293e-02 1.984740132702348878e-02 1.964711227734359730e-02 1.821992004609473970e-02 1.816005648973028838e-02 1.799086493837261103e-02 1.783748427699941366e-02 1.762069344731407444e-02 1.751986785061947563e-02
1.688372360263440744e-02 1.775705951649980685e-02 1.758438248132035767e-02 1.787317834310062081e-02 1.812049586151645228e-02 1.918350379704330741e-02 1.990212754383868105e-02 1.998116270984295201e-02 2.082262317661578294e-02 2.041327587158183951e-02 2.036781943583240717e-02 2.033451719582328801e-02 2.015458860267040422e-02 2.002468288499115179e-02 2.239003960421115033e-02 2.283918479056344653e-02 1.960312304747954121e-02 1.949774580836994772e-02 2.082558714943607073e-02 2.038877119940098528e-02 1.954762823879718434e-02 2.036801576213020243e-02 1.957659231426111396e-02 1.990212754383868105e-02 1.918350379704330741e-02 1.812049586151645228e-02 1.787317834310062081e-02 1.758438248132035767e-02 1.775705951649980685e-02 1.688372360263440744e-02
1.634064370134278091e-02 1.660785749662043592e-02 1.678760370923420772e-02 1.793437579926349806e-02 1.808235622686277938e-02 1.826939048312958142e-02 1.898404558540147183e-02 1.950548131396916823e-02 2.009971932476690981e-02 2.081273295417455232e-02 2.042348856670461732e-02 1.947132389875133596e-02 2.002079568185675951e-02 2.112702235441590512e-02 2.230056352063860062e-02 2.295331103243792095e-02 2.041011485855917171e-02 2.004348360455682904e-02 1.993868897710260324e-02 2.115068211685796826e-02 2.084420518439248499e-02 2.111651982919317619e-02 1.913595915116353754e-02 1.898404558540147183e-02 1.826939048312958142e-02 1.808235622686277938e-02 1.793437579926349806e-02 1.678760370923420772e-02 1.660785749662043592e-02 1.634064370134278091e-02
1.571268328901749556e-02 1.645670989978435805e-02 1.747440372821998031e-02 1.726235577569965735e-02 1.783937988230864177e-02 1.826075492393975166e-02 1.919253768039541966e-02 1.920104147860129257e-02 1.981797769974027665e-02 2.051811513581599730e-02 1.941019650981211722e-02 1.937210744425896594e-02 1.940713087294854838e-02 2.058145415547284890e-02 2.280872980598281849e-02 2.280872980598281849e-02 2.054099959107691040e-02 1.940713087294854838e-02 1.895522217576195087e-02 1.929598949260119892e-02 2.002536255089353012e-02 1.963726174715585068e-02 1.920104147860129257e-02 1.919253768039541966e-02 1.826075492393975166e-02 1.783937988230864177e-02 1.726235577569965735e-02 1.747440372821998031e-02 1.645670989978435805e-02 1.571268328901749556e-02
1.583077186945923420e-02 1.662864408506253139e-02 1.663123421140873248e-02 1.700758000773522349e-02 1.763361679222339579e-02 1.823026775861635862e-02 1.842265948653221130e-02 1.919261894189900827e-02 1.941046275999259302e-02 1.958073090740878458e-02 1.870904366096732760e-02 1.910430585235842194e-02 2.000446493341934834e-02 2.156820886171413945e-02 2.302451906444926213e-02 2.302451906444926213e-02 2.156820886171413945e-02 1.984906800395466395e-02 1.917322730745324791e-02 1.891917189706136815e-02 1.876164326659744350e-02 1.941046275999259302e-02 1.919261894189900827e-02 1.842265948653221130e-02 1.823026775861635862e-02 1.763361679222339579e-02 1.700758000773522349e-02 1.663123421140873248e-02 1.616735113853926681e-02 1.583077186945923420e-02
1.567121595306157633e-02 1.602836645066722104e-02 1.660276264185728615e-02 1.684342511869045544e-02 1.706718088862542795e-02 1.746376603841781616e-02 1.823026775861635862e-02 1.826075492393975166e-02 1.840668619766066064e-02 1.882657787881429970e-02 1.827346307313254536e-02 1.861030562977102759e-02 2.014747618351794139e-02 2.088893134590713227e-02 2.310098034003861892e-02 2.307062304289721547e-02 2.109833495638981093e-02 2.014747618351794139e-02 1.861030562977102759e-02 1.827346307313254536e-02 1.873342772124296507e-02 1.840668619766066064e-02 1.826075492393975166e-02 1.823026775861635862e-02 1.746376603841781616e-02 1.706718088862542795e-02 1.684342511869045544e-02 1.660276264185728615e-02 1.602836645066722104e-02 1.567121595306157633e-02
1.511464696443675683e-02 1.542130470506268732e-02 1.659896909542335833e-02 1.700147591674732936e-02 1.621746458113193512e-02 1.706718088862542795e-02 1.763361679222339579e-02 1.783937988230864177e-02 1.808235622686277938e-02 1.812049586151645228e-02 1.818877088587509891e-02 1.950190809588738666e-02 1.970075954986851355e-02 2.032210935351349071e-02 2.263161302014363857e-02 2.233830051339968578e-02 2.169296156160658434e-02 1.970075954986851355e-02 1.950190809588738666e-02 1.818877088587509891e-02 1.812049586151645228e-02 1.808235622686277938e-02 1.783937988230864177e-02 1.763361679222339579e-02 1.706718088862542795e-02 1.621746458113193512e-02 1.700147591674732936e-02 1.659896909542335833e-02 1.542130470506268732e-02 1.511464696443675683e-02
1.507702366464013823e-02 1.559065886533208579e-02 1.670552820225602864e-02 1.679658502281335813e-02 1.700147591674732936e-02 1.684342511869045544e-02 1.700758000773522349e-02 1.726235577569965735e-02 1.793437579926349806e-02 1.787317834310062081e-02 1.799086493837261103e-02 1.892824938422233566e-02 1.954202597666814326e-02 2.100141693003008958e-02 2.239642063920182363e-02 2.239642063920182363e-02 2.135241750393553420e-02 1.954202597666814326e-02 1.892824938422233566e-02 1.799086493837261103e-02 1.787317834310062081e-02 1.793437579926349806e-02 1.726235577569965735e-02 1.700758000773522349e-02 1.684342511869045544e-02 1.700147591674732936e-02 1.679679062317870550e-02 1.670552820225602864e-02 1.559065886533208579e-02 1.507702366464013823e-02
1.471891676369648308e-02 1.528952195621086259e-02 1.583436061142197773e-02 1.670552820225602864e-02 1.659896909542335833e-02 1.660276264185728615e-02 1.663123421140873248e-02 1.747440372821998031e-02 1.678760370923420772e-02 1.758438248132035767e-02 1.783748427699941366e-02 1.872231823735205289e-02 1.924340404018846928e-02 2.060656836127703825e-02 2.257672102727670271e-02 2.229081581099666420e-02 2.123637643420140178e-02 1.924340404018846928e-02 1.872231823735205289e-02 1.783748427699941366e-02 1.758438248132035767e-02 1.678760370923420772e-02 1.747440372821998031e-02 1.663123421140873248e-02 1.660276264185728615e-02 1.659896909542335833e-02 1.670552820225602864e-02 1.583436061142197773e-02 1.528952195621086259e-02 1.471891676369648308e-02
1.435030464440410249e-02 1.476888578145848889e-02 1.528952195621086259e-02 1.559065886533208579e-02 1.542130470506268732e-02 1.602836645066722104e-02 1.624090617397132286e-02 1.645670989978435805e-02 1.660785749662043592e-02 1.775705951649980685e-02 1.762069344731407444e-02 1.834294900501618267e-02 1.950895321759735929e-02 2.127366105346497477e-02 2.163729361567721596e-02 2.209859141511722261e-02 2.095416708443072207e-02 1.858491195586739128e-02 1.883662419088205642e-02 1.762069344731407444e-02 1.775705951649980685e-02 1.660785749662043592e-02 1.645670989978435805e-02 1.642843977629070834e-02 1.602836645066722104e-02 1.542130470506268732e-02 1.559065886533208579e-02 1.528952195621086259e-02 1.476888578145848889e-02 1.435030464440410249e-02
1.392406939157544467e-02 1.435030464440410249e-02 1.471891676369648308e-02 1.507702366464013823e-02 1.511464696443675683e-02 1.567121595306157633e-02 1.583077186945923420e-02 1.571268328901749556e-02 1.634064370134278091e-02 1.688372360263440744e-02 1.751986785061947563e-02 1.827459531664270970e-02 1.950430337087831131e-02 2.092310227590112037e-02 2.159755720344416763e-02 2.159755720344416763e-02 2.092310227590112037e-02 1.950430337087831131e-02 1.827459531664270970e-02 1.751986785061947563e-02 1.688372360263440744e-02 1.634064370134278091e-02 1.571268328901749556e-02 1.583077186945923420e-02 1.567121595306157633e-02 1.511464696443675683e-02 1.507702366464013823e-02 1.471891676369648308e-02 1.435030464440410249e-02 1.392406939157544467e-02
